80763,1,42.546928,-83.118654,10.650020
80764,1,42.547009,-83.118656,8.345311
80765,1,42.547072,-83.118658,6.374476
80766,1,42.547114,-83.118660,4.057420
80767,1,42.547144,-83.118663,2.950851
80768,1,42.547168,-83.118669,2.693629
80769,1,42.547194,-83.118682,3.213217
80770,1,42.547223,-83.118708,4.175228
80771,1,42.547253,-83.118749,5.033320
80772,1,42.547277,-83.118808,5.879066
80773,1,42.547293,-83.118883,6.669766
80774,1,42.547301,-83.118970,7.535576
80775,1,42.547303,-83.119069,8.351484
80776,1,42.547301,-83.119177,9.068619
80777,1,42.547298,-83.119291,9.557855
80778,1,42.547296,-83.119409,9.750772
80779,1,42.547294,-83.119530,9.948318
80780,1,42.547293,-83.119648,9.674119
80781,1,42.547291,-83.119762,9.304749
80782,1,42.547290,-83.119872,8.918401
80783,1,42.547289,-83.119971,7.802058
80784,1,42.547289,-83.120053,6.277246
80785,1,42.547287,-83.120125,5.788009
80786,1,42.547286,-83.120194,5.670202
80787,1,42.547285,-83.120261,5.435101
80788,1,42.547283,-83.120326,5.294658
80789,1,42.547281,-83.120380,4.102691
80790,1,42.547280,-83.120414,2.253779
80791,1,42.547280,-83.120431,0.948120
80792,1,42.547280,-83.120437,0.300950
80793,1,42.547279,-83.120440,0.267511
80794,1,42.547279,-83.120444,0.306094
80795,1,42.547279,-83.120449,0.490265
80796,1,42.547279,-83.120458,0.928057
80797,1,42.547280,-83.120473,1.296399
80798,1,42.547281,-83.120492,1.755797
80799,1,42.547285,-83.120520,2.534151
80800,1,42.547292,-83.120547,2.441037
80801,1,42.547305,-83.120573,2.570162
80802,1,42.547326,-83.120600,3.606767
80803,1,42.547361,-83.120625,4.742659
80804,1,42.547405,-83.120645,5.451563
80805,1,42.547451,-83.120663,5.252988
80806,1,42.547489,-83.120680,4.100633
80807,1,42.547512,-83.120692,2.120024
80808,1,42.547521,-83.120698,0.771666
80809,1,42.547525,-83.120700,0.257736
80810,1,42.547526,-83.120701,0.052473
80811,1,42.547526,-83.120701,0.006173
80812,1,42.547527,-83.120701,0.139414
80813,1,42.547528,-83.120702,0.090028
80814,1,42.547528,-83.120702,0.004116
80815,1,42.547528,-83.120703,0.087455
80816,1,42.547531,-83.120704,0.414127
80817,1,42.547537,-83.120707,0.928571
80818,1,42.547552,-83.120715,2.138544
80819,1,42.547574,-83.120725,2.749189
80820,1,42.547593,-83.120734,1.879778
80821,1,42.547602,-83.120738,0.866324
80822,1,42.547610,-83.120742,0.876613
80823,1,42.547619,-83.120747,1.120459
80824,1,42.547629,-83.120752,1.238781
80825,1,42.547639,-83.120758,1.287139
80826,1,42.547647,-83.120762,0.726909
80827,1,42.547652,-83.120765,0.531935
80828,1,42.547654,-83.120766,0.147645
80829,1,42.547654,-83.120766,0.005144
80830,1,42.547655,-83.120766,0.135813
80831,1,42.547657,-83.120768,0.419272
80832,1,42.547666,-83.120773,1.366878
80833,1,42.547686,-83.120785,2.929759
80834,1,42.547718,-83.120805,4.269371
80835,1,42.547759,-83.120830,5.411951
80836,1,42.547806,-83.120859,5.794697
80837,1,42.547856,-83.120890,6.230431
80838,1,42.547911,-83.120919,6.748991
80839,1,42.547973,-83.120949,7.590621
80840,1,42.548043,-83.120981,8.513534
80841,1,42.548120,-83.121017,9.254848
80842,1,42.548199,-83.121056,9.310922
80843,1,42.548276,-83.121096,9.089197
80844,1,42.548348,-83.121135,8.439968
80845,1,42.548410,-83.121181,7.581361
80846,1,42.548454,-83.121239,6.642501
80847,1,42.548476,-83.121306,5.937713
80848,1,42.548480,-83.121365,4.554887
80849,1,42.548474,-83.121404,2.688484
80850,1,42.548466,-83.121430,2.098417
80851,1,42.548454,-83.121452,2.366957
80852,1,42.548429,-83.121472,3.622200
80853,1,42.548389,-83.121479,5.013771
80854,1,42.548338,-83.121464,6.199565
80855,1,42.548281,-83.121432,7.205817
80856,1,42.548216,-83.121390,8.252711
80857,1,42.548141,-83.121346,9.455481
80858,1,42.548054,-83.121301,10.819786
80859,1,42.547956,-83.121253,11.911951
80860,1,42.547850,-83.121202,12.713455
80861,1,42.547737,-83.121151,13.474317
80862,1,42.547617,-83.121101,14.281994
80863,1,42.547489,-83.121051,15.075267
80864,1,42.547353,-83.121000,15.823269
80865,1,42.547214,-83.120949,16.150969
80866,1,42.547072,-83.120901,16.388128
80867,1,42.546925,-83.120858,16.841868
80868,1,42.546773,-83.120817,17.314127
80869,1,42.546617,-83.120777,17.791017
80870,1,42.546456,-83.120743,18.245271
80871,1,42.546293,-83.120712,18.438702
80872,1,42.546130,-83.120684,18.117174
80873,1,42.545970,-83.120664,17.728769
80874,1,42.545816,-83.120654,16.922635
80875,1,42.545671,-83.120653,15.770281
80876,1,42.545534,-83.120652,14.907044
80877,1,42.545406,-83.120651,14.019113
80878,1,42.545282,-83.120649,13.714563
80879,1,42.545159,-83.120649,13.530906
80880,1,42.545037,-83.120647,13.614760
80881,1,42.544913,-83.120645,13.848832
80882,1,42.544786,-83.120641,14.165216
80883,1,42.544657,-83.120637,14.463593
80884,1,42.544525,-83.120632,14.736763
80885,1,42.544391,-83.120628,15.024851
80886,1,42.544254,-83.120623,15.293906
80887,1,42.544116,-83.120619,15.309853
80888,1,42.543979,-83.120615,15.212624
80889,1,42.543842,-83.120612,15.154491
80890,1,42.543706,-83.120610,15.174555
80891,1,42.543569,-83.120607,15.227028
80892,1,42.543432,-83.120602,15.243490
80893,1,42.543294,-83.120597,15.249149
80894,1,42.543157,-83.120592,15.223427
80895,1,42.543020,-83.120586,15.262010
80896,1,42.542882,-83.120582,15.401939
80897,1,42.542742,-83.120577,15.581994
80898,1,42.542601,-83.120572,15.827899
80899,1,42.542460,-83.120568,15.581994
80900,1,42.542321,-83.120565,15.287732
80901,1,42.542189,-83.120559,14.492916
80902,1,42.542068,-83.120553,12.886822
80903,1,42.541966,-83.120543,10.783261
80904,1,42.541879,-83.120529,9.211634
80905,1,42.541806,-83.120518,7.669846
80906,1,42.541746,-83.120511,6.287535
80907,1,42.541698,-83.120507,4.983933
80908,1,42.541660,-83.120505,3.902058
80909,1,42.541628,-83.120503,3.388643
80910,1,42.541601,-83.120501,2.903007
80911,1,42.541580,-83.120500,2.056233
80912,1,42.541565,-83.120500,1.419351
80913,1,42.541553,-83.120499,1.299486
80914,1,42.541540,-83.120499,1.507321
80915,1,42.541522,-83.120498,2.166838
80916,1,42.541500,-83.120498,2.578393
80917,1,42.541482,-83.120497,1.824733
80918,1,42.541472,-83.120497,0.751088
80919,1,42.541467,-83.120497,0.493352
80920,1,42.541461,-83.120497,0.767550
80921,1,42.541454,-83.120497,0.780412
80922,1,42.541449,-83.120497,0.456312
80923,1,42.541446,-83.120497,0.238702
80924,1,42.541445,-83.120497,0.051959
80925,1,42.541445,-83.120497,0.008231
80926,1,42.541445,-83.120497,0.006173
80927,1,42.541444,-83.120498,0.006688
80928,1,42.541444,-83.120498,0.013890
80929,1,42.541443,-83.120498,0.118837
80930,1,42.541440,-83.120499,0.466086
80931,1,42.541430,-83.120498,1.305144
80932,1,42.541410,-83.120498,2.596399
80933,1,42.541381,-83.120497,3.607281
80934,1,42.541344,-83.120496,4.330075
80935,1,42.541305,-83.120495,4.210210
80936,1,42.541268,-83.120493,4.108350
80937,1,42.541228,-83.120492,4.525564
80938,1,42.541184,-83.120490,5.168104
80939,1,42.541137,-83.120489,5.173249
80940,1,42.541092,-83.120488,4.923744
80941,1,42.541054,-83.120487,3.974080
80942,1,42.541025,-83.120486,2.923585
80943,1,42.541004,-83.120486,2.135457
80944,1,42.540988,-83.120485,1.583459
80945,1,42.540979,-83.120485,0.701187
80946,1,42.540978,-83.120485,0.037040
80947,1,42.540978,-83.120485,0.009774
80948,1,42.540978,-83.120485,0.005144
80949,1,42.540978,-83.120485,0.012347
80950,1,42.540978,-83.120485,0.018006
80951,1,42.540978,-83.120485,0.023150
80952,1,42.540978,-83.120485,0.007202
80953,1,42.540978,-83.120485,0.014919
80954,1,42.540978,-83.120486,0.025722
80955,1,42.540978,-83.120486,0.015948
80956,1,42.540978,-83.120486,0.029838
80957,1,42.540978,-83.120486,0.014919
80958,1,42.540978,-83.120486,0.012861
80959,1,42.540978,-83.120486,0.001543
80960,1,42.540978,-83.120486,0.009260
80961,1,42.540978,-83.120486,0.037040
80962,1,42.540975,-83.120486,0.456312
80963,1,42.540965,-83.120485,1.418837
80964,1,42.540944,-83.120484,2.698259
80965,1,42.540915,-83.120482,3.392244
80966,1,42.540885,-83.120481,3.281124
80967,1,42.540860,-83.120480,2.576850
80968,1,42.540839,-83.120479,2.352552
80969,1,42.540818,-83.120478,2.257895
80970,1,42.540798,-83.120477,2.255322
80971,1,42.540778,-83.120476,2.236288
80972,1,42.540757,-83.120475,2.389592
80973,1,42.540729,-83.120474,3.368065
80974,1,42.540692,-83.120472,4.353740
80975,1,42.540648,-83.120470,5.240641
80976,1,42.540596,-83.120469,5.997903
80977,1,42.540538,-83.120467,6.660506
80978,1,42.540479,-83.120466,6.479937
80979,1,42.540423,-83.120464,6.112624
80980,1,42.540371,-83.120462,5.568342
80981,1,42.540326,-83.120461,4.776098
80982,1,42.540287,-83.120461,4.145390
80983,1,42.540250,-83.120460,4.024495
80984,1,42.540212,-83.120460,4.297665
80985,1,42.540171,-83.120460,4.753463
80986,1,42.540131,-83.120459,4.334191
80987,1,42.540101,-83.120458,2.830471
80988,1,42.540082,-83.120457,1.766086
80989,1,42.540066,-83.120456,1.821132
80990,1,42.540049,-83.120456,1.919391
80991,1,42.540031,-83.120455,1.989355
80992,1,42.540013,-83.120455,2.041314
80993,1,42.539993,-83.120454,2.305738
80994,1,42.539975,-83.120454,1.914761
80995,1,42.539963,-83.120454,1.121488
80996,1,42.539955,-83.120454,0.675465
80997,1,42.539949,-83.120454,0.718164
80998,1,42.539941,-83.120454,1.011911
80999,1,42.539930,-83.120454,1.237238
81000,1,42.539918,-83.120454,1.383340
81001,1,42.539909,-83.120454,0.812307
81002,1,42.539905,-83.120453,0.307123
81003,1,42.539904,-83.120453,0.015433
81004,1,42.539902,-83.120453,0.276771
81005,1,42.539898,-83.120453,0.594697
81006,1,42.539891,-83.120453,0.780926
81007,1,42.539888,-83.120453,0.262881
81008,1,42.539887,-83.120453,0.032924
81009,1,42.539886,-83.120453,0.020578
81010,1,42.539886,-83.120453,0.013890
81011,1,42.539886,-83.120453,0.014404
81012,1,42.539886,-83.120453,0.007202
81013,1,42.539886,-83.120453,0.011832
81014,1,42.539886,-83.120453,0.013376
81015,1,42.539886,-83.120453,0.010803
81016,1,42.539885,-83.120453,0.231500
81017,1,42.539881,-83.120453,0.544796
81018,1,42.539874,-83.120452,0.821567
81019,1,42.539865,-83.120452,1.058726
81020,1,42.539855,-83.120451,1.241353
81021,1,42.539842,-83.120450,1.470281
81022,1,42.539828,-83.120450,1.640562
81023,1,42.539812,-83.120448,1.784606
81024,1,42.539796,-83.120447,1.844796
81025,1,42.539780,-83.120446,1.819074
81026,1,42.539763,-83.120446,1.915789
81027,1,42.539745,-83.120445,1.968777
81028,1,42.539733,-83.120445,1.079304
81029,1,42.539728,-83.120445,0.369371
81030,1,42.539727,-83.120445,0.010803
81031,1,42.539727,-83.120444,0.008746
81032,1,42.539726,-83.120444,0.010289
81033,1,42.539726,-83.120444,0.004630
81034,1,42.539725,-83.120444,0.217610
81035,1,42.539721,-83.120444,0.501068
81036,1,42.539716,-83.120444,0.662604
81037,1,42.539708,-83.120444,0.947606
81038,1,42.539698,-83.120444,1.166759
81039,1,42.539686,-83.120443,1.367907
81040,1,42.539673,-83.120443,1.485200
81041,1,42.539659,-83.120443,1.592204
81042,1,42.539645,-83.120443,1.688405
81043,1,42.539629,-83.120443,1.766601
81044,1,42.539612,-83.120442,1.815987
81045,1,42.539595,-83.120441,1.890582
81046,1,42.539578,-83.120440,1.949743
81047,1,42.539555,-83.120440,2.615948
81048,1,42.539525,-83.120439,3.698338
81049,1,42.539487,-83.120438,4.566205
81050,1,42.539447,-83.120437,4.468975
81051,1,42.539407,-83.120436,4.388722
81052,1,42.539364,-83.120435,4.907796
81053,1,42.539319,-83.120434,5.140324
81054,1,42.539271,-83.120432,5.487060
81055,1,42.539218,-83.120430,6.046775
81056,1,42.539164,-83.120428,6.158924
81057,1,42.539110,-83.120425,5.874950
81058,1,42.539060,-83.120421,5.584290
81059,1,42.539009,-83.120417,5.662485
81060,1,42.538953,-83.120413,6.408429
81061,1,42.538892,-83.120410,7.126593
81062,1,42.538826,-83.120408,7.463039
81063,1,42.538760,-83.120407,7.246973
81064,1,42.538696,-83.120406,6.984606
81065,1,42.538635,-83.120405,6.679026
81066,1,42.538577,-83.120403,6.376019
81067,1,42.538522,-83.120401,6.086387
81068,1,42.538469,-83.120399,5.786466
81069,1,42.538420,-83.120397,5.403205
81070,1,42.538373,-83.120395,5.177364
81071,1,42.538326,-83.120393,5.239098
81072,1,42.538282,-83.120391,4.739058
81073,1,42.538250,-83.120389,3.132450
81074,1,42.538230,-83.120388,1.920419
81075,1,42.538216,-83.120387,1.376652
81076,1,42.538204,-83.120386,1.348358
81077,1,42.538191,-83.120386,1.547962
81078,1,42.538181,-83.120386,0.954808
81079,1,42.538178,-83.120386,0.192402
81080,1,42.538178,-83.120387,0.014404
81081,1,42.538176,-83.120387,0.308666
81082,1,42.538173,-83.120388,0.281401
81083,1,42.538171,-83.120388,0.387376
81084,1,42.538166,-83.120387,0.653344
81085,1,42.538158,-83.120388,0.919311
81086,1,42.538150,-83.120388,0.987732
81087,1,42.538145,-83.120388,0.414642
81088,1,42.538142,-83.120389,0.226870
81089,1,42.538141,-83.120389,0.018520
81090,1,42.538141,-83.120390,0.009260
81091,1,42.538141,-83.120390,0.007202
81092,1,42.538140,-83.120391,0.000514
81093,1,42.538141,-83.120391,0.002572
81094,1,42.538141,-83.120392,0.011832
81095,1,42.538141,-83.120392,0.009774
81096,1,42.538141,-83.120393,0.010803
81097,1,42.538141,-83.120393,0.011832
81098,1,42.538141,-83.120393,0.015948
81099,1,42.538141,-83.120394,0.006688
81100,1,42.538141,-83.120394,0.014404
81101,1,42.538141,-83.120395,0.013890
81102,1,42.538141,-83.120395,0.032410
81103,1,42.538140,-83.120396,0.065334
81104,1,42.538138,-83.120396,0.372457
81105,1,42.538133,-83.120396,0.766007
81106,1,42.538121,-83.120395,1.608666
81107,1,42.538102,-83.120395,2.323229
81108,1,42.538086,-83.120395,1.626672
81109,1,42.538075,-83.120394,1.120459
81110,1,42.538068,-83.120395,0.668777
81111,1,42.538060,-83.120395,0.934745
81112,1,42.538050,-83.120394,1.153898
81113,1,42.538039,-83.120394,1.369964
81114,1,42.538022,-83.120394,2.066522
81115,1,42.538001,-83.120394,2.458528
81116,1,42.537979,-83.120394,2.397823
81117,1,42.537959,-83.120393,2.296992
81118,1,42.537937,-83.120393,2.497111
81119,1,42.537911,-83.120392,3.101583
81120,1,42.537877,-83.120391,4.007004
81121,1,42.537833,-83.120389,5.326553
81122,1,42.537776,-83.120387,6.653304
81123,1,42.537711,-83.120385,7.510368
81124,1,42.537645,-83.120384,7.286070
81125,1,42.537582,-83.120383,6.923387
81126,1,42.537522,-83.120382,6.570993
81127,1,42.537464,-83.120381,6.256153
81128,1,42.537410,-83.120379,5.988128
81129,1,42.537358,-83.120377,5.644480
81130,1,42.537311,-83.120375,5.121290
81131,1,42.537267,-83.120374,4.887732
81132,1,42.537224,-83.120372,4.724139
81133,1,42.537183,-83.120370,4.491096
81134,1,42.537150,-83.120369,3.316106
81135,1,42.537125,-83.120368,2.490938
81136,1,42.537104,-83.120366,2.310368
81137,1,42.537083,-83.120365,2.255837
81138,1,42.537064,-83.120364,2.074238
81139,1,42.537050,-83.120363,1.220261
81140,1,42.537044,-83.120362,0.565888
81141,1,42.537043,-83.120361,0.015433
81142,1,42.537044,-83.120360,0.007202
81143,1,42.537045,-83.120360,0.008231
81144,1,42.537045,-83.120359,0.006173
81145,1,42.537045,-83.120360,0.005144
81146,1,42.537046,-83.120360,0.018006
81147,1,42.537046,-83.120360,0.016977
81148,1,42.537046,-83.120360,0.120380
81149,1,42.537042,-83.120360,0.494895
81150,1,42.537035,-83.120360,0.809735
81151,1,42.537026,-83.120359,1.079304
81152,1,42.537013,-83.120358,1.622556
81153,1,42.536993,-83.120357,2.488880
81154,1,42.536967,-83.120355,3.032647
81155,1,42.536942,-83.120354,2.600000
81156,1,42.536925,-83.120354,1.623071
81157,1,42.536913,-83.120354,1.157499
81158,1,42.536903,-83.120354,1.141551
81159,1,42.536891,-83.120354,1.344757
81160,1,42.536881,-83.120353,1.057697
81161,1,42.536877,-83.120353,0.273170
81162,1,42.536876,-83.120353,0.015433
81163,1,42.536876,-83.120352,0.013890
81164,1,42.536876,-83.120352,0.010289
81165,1,42.536875,-83.120351,0.003087
81166,1,42.536875,-83.120351,0.011832
81167,1,42.536874,-83.120350,0.002058
81168,1,42.536874,-83.120350,0.010289
81169,1,42.536874,-83.120350,0.008231
81170,1,42.536874,-83.120350,0.011318
81171,1,42.536874,-83.120350,0.006688
81172,1,42.536873,-83.120350,0.007202
81173,1,42.536873,-83.120350,0.002058
81174,1,42.536873,-83.120350,0.006173
81175,1,42.536873,-83.120350,0.002572
81176,1,42.536873,-83.120350,0.006688
81177,1,42.536873,-83.120350,0.017491
81178,1,42.536873,-83.120350,0.103403
81179,1,42.536870,-83.120350,0.414127
81180,1,42.536863,-83.120350,0.874040
81181,1,42.536848,-83.120349,2.146260
81182,1,42.536822,-83.120347,3.107756
81183,1,42.536792,-83.120345,3.529086
81184,1,42.536755,-83.120344,4.397982
81185,1,42.536713,-83.120343,4.757064
81186,1,42.536671,-83.120343,4.608904
81187,1,42.536629,-83.120342,4.536367
81188,1,42.536583,-83.120341,5.422754
81189,1,42.536534,-83.120339,5.409379
81190,1,42.536486,-83.120336,5.285912
81191,1,42.536440,-83.120334,5.038465
81192,1,42.536396,-83.120333,4.848635
81193,1,42.536354,-83.120332,4.662406
81194,1,42.536313,-83.120331,4.521448
81195,1,42.536273,-83.120330,4.385121
81196,1,42.536234,-83.120330,4.257024
81197,1,42.536198,-83.120329,3.938583
81198,1,42.536168,-83.120328,3.034705
81199,1,42.536144,-83.120328,2.510487
81200,1,42.536124,-83.120327,2.213138
81201,1,42.536104,-83.120326,2.196161
81202,1,42.536084,-83.120326,2.196161
81203,1,42.536064,-83.120325,2.202849
81204,1,42.536044,-83.120325,2.201820
81205,1,42.536024,-83.120324,2.210566
81206,1,42.536004,-83.120324,2.226514
81207,1,42.535984,-83.120324,2.212109
81208,1,42.535966,-83.120324,1.964147
81209,1,42.535949,-83.120324,1.785635
81210,1,42.535933,-83.120324,1.896241
81211,1,42.535915,-83.120324,1.966719
81212,1,42.535897,-83.120323,2.033083
81213,1,42.535878,-83.120323,2.074753
81214,1,42.535861,-83.120323,1.866917
81215,1,42.535852,-83.120323,0.657459
81216,1,42.535851,-83.120323,0.010803
81217,1,42.535851,-83.120322,0.008746
81218,1,42.535851,-83.120322,0.012347
81219,1,42.535851,-83.120323,0.015948
81220,1,42.535851,-83.120323,0.004630
81221,1,42.535851,-83.120323,0.005144
81222,1,42.535851,-83.120324,0.021092
81223,1,42.535851,-83.120324,0.013376
81224,1,42.535852,-83.120324,0.007717
81225,1,42.535852,-83.120325,0.008746
81226,1,42.535853,-83.120325,0.006173
81227,1,42.535853,-83.120325,0.009260
81228,1,42.535854,-83.120326,0.006688
81229,1,42.535854,-83.120326,0.003601
81230,1,42.535854,-83.120327,0.009774
81231,1,42.535854,-83.120327,0.009260
81232,1,42.535854,-83.120328,0.006688
81233,1,42.535855,-83.120328,0.009260
81234,1,42.535855,-83.120329,0.006173
81235,1,42.535855,-83.120329,0.011318
81236,1,42.535855,-83.120329,0.007717
81237,1,42.535855,-83.120328,0.013376
81238,1,42.535855,-83.120328,0.012861
81239,1,42.535855,-83.120328,0.016977
81240,1,42.535855,-83.120328,0.009774
81241,1,42.535855,-83.120328,0.006173
81242,1,42.535856,-83.120328,0.003601
81243,1,42.535856,-83.120328,0.018006
81244,1,42.535856,-83.120328,0.007717
81245,1,42.535855,-83.120328,0.016462
81246,1,42.535855,-83.120327,0.007717
81247,1,42.535855,-83.120326,0.014919
81248,1,42.535855,-83.120326,0.008746
81249,1,42.535855,-83.120325,0.010803
81250,1,42.535855,-83.120324,0.010289
81251,1,42.535855,-83.120324,0.011832
81252,1,42.535855,-83.120323,0.008746
81253,1,42.535855,-83.120323,0.010803
81254,1,42.535855,-83.120322,0.005144
81255,1,42.535855,-83.120322,0.015433
81256,1,42.535855,-83.120322,0.020578
81257,1,42.535853,-83.120321,0.266996
81258,1,42.535849,-83.120321,0.551998
81259,1,42.535840,-83.120321,1.135892
81260,1,42.535822,-83.120321,2.331460
81261,1,42.535795,-83.120321,3.301702
81262,1,42.535760,-83.120320,4.146933
81263,1,42.535718,-83.120320,4.941235
81264,1,42.535669,-83.120319,5.625960
81265,1,42.535615,-83.120319,6.192877
81266,1,42.535556,-83.120318,6.774713
81267,1,42.535492,-83.120317,7.253660
81268,1,42.535424,-83.120316,7.599367
81269,1,42.535359,-83.120315,7.165690
81270,1,42.535301,-83.120312,6.128571
81271,1,42.535250,-83.120310,5.375940
81272,1,42.535204,-83.120308,5.034349
81273,1,42.535162,-83.120306,4.538425
81274,1,42.535129,-83.120305,3.324337
81275,1,42.535105,-83.120304,2.385991
81276,1,42.535087,-83.120304,1.822675
81277,1,42.535070,-83.120304,1.864860
81278,1,42.535052,-83.120303,2.009933
81279,1,42.535028,-83.120303,2.866996
81280,1,42.534994,-83.120302,4.268856
81281,1,42.534946,-83.120301,5.819905
81282,1,42.534887,-83.120300,6.845192
81283,1,42.534818,-83.120299,7.898773
81284,1,42.534741,-83.120297,8.825287
81285,1,42.534656,-83.120295,9.652513
81286,1,42.534565,-83.120292,10.372734
81287,1,42.534468,-83.120289,11.042026
81288,1,42.534364,-83.120285,11.676850
81289,1,42.534256,-83.120281,12.185635
81290,1,42.534144,-83.120278,12.498931
81291,1,42.534032,-83.120276,12.526197
81292,1,42.533918,-83.120273,12.631144
81293,1,42.533803,-83.120270,12.935180
81294,1,42.533684,-83.120268,13.265453
81295,1,42.533562,-83.120264,13.599327
81296,1,42.533439,-83.120256,13.833914
81297,1,42.533313,-83.120240,14.124574
81298,1,42.533185,-83.120220,14.337554
81299,1,42.533056,-83.120203,14.468223
81300,1,42.532927,-83.120192,14.266561
81301,1,42.532806,-83.120186,13.228413
81302,1,42.532695,-83.120183,11.947447
81303,1,42.532597,-83.120179,10.384052
81304,1,42.532516,-83.120167,8.460032
81305,1,42.532454,-83.120145,6.616264
81306,1,42.532411,-83.120105,5.638821
81307,1,42.532384,-83.120051,5.378512
81308,1,42.532376,-83.119990,5.151128
81309,1,42.532387,-83.119930,5.103284
81310,1,42.532414,-83.119880,5.181994
81311,1,42.532454,-83.119842,5.602810
81312,1,42.532506,-83.119820,6.310685
81313,1,42.532567,-83.119809,7.068461
81314,1,42.532634,-83.119807,7.770677
81315,1,42.532708,-83.119809,8.463118
81316,1,42.532788,-83.119813,9.062960
81317,1,42.532874,-83.119816,9.745113
81318,1,42.532967,-83.119817,10.568738
81319,1,42.533067,-83.119818,11.414998
81320,1,42.533171,-83.119821,11.622833
81321,1,42.533273,-83.119824,11.336802
81322,1,42.533370,-83.119827,10.535299
81323,1,42.533456,-83.119830,9.054729
81324,1,42.533527,-83.119833,7.370954
81325,1,42.533583,-83.119834,5.736051
81326,1,42.533624,-83.119834,4.146933
81327,1,42.533652,-83.119833,2.535180
81328,1,42.533666,-83.119833,1.152355
81329,1,42.533671,-83.119833,0.408469
81330,1,42.533673,-83.119834,0.008231
81331,1,42.533673,-83.119834,0.007202
81332,1,42.533673,-83.119835,0.003601
81333,1,42.533673,-83.119835,0.006173
81334,1,42.533675,-83.119835,0.243846
81335,1,42.533675,-83.119835,0.012347
81336,1,42.533675,-83.119835,0.005659
81337,1,42.533675,-83.119835,0.003087
81338,1,42.533674,-83.119835,0.009260
81339,1,42.533674,-83.119835,0.003601
81340,1,42.533673,-83.119835,0.009774
81341,1,42.533673,-83.119835,0.013376
81342,1,42.533673,-83.119835,0.003087
81343,1,42.533672,-83.119836,0.002058
81344,1,42.533672,-83.119836,0.012861
81345,1,42.533672,-83.119836,0.019034
81346,1,42.533673,-83.119836,0.035497
81347,1,42.533673,-83.119836,0.061733
81348,1,42.533674,-83.119835,0.012861
81349,1,42.533674,-83.119835,0.020063
81350,1,42.533674,-83.119836,0.016977
81351,1,42.533674,-83.119836,0.010803
81352,1,42.533674,-83.119836,0.004630
81353,1,42.533674,-83.119836,0.001543
81354,1,42.533674,-83.119836,0.002572
81355,1,42.533675,-83.119836,0.097744
81356,1,42.533676,-83.119836,0.013890
81357,1,42.533676,-83.119835,0.050416
81358,1,42.533677,-83.119835,0.006688
81359,1,42.533677,-83.119835,0.011832
81360,1,42.533679,-83.119834,0.294262
81361,1,42.533687,-83.119834,1.160586
81362,1,42.533707,-83.119832,2.568104
81363,1,42.533737,-83.119826,3.805342
81364,1,42.533775,-83.119805,4.798734
81365,1,42.533810,-83.119763,5.520499
81366,1,42.533831,-83.119698,6.083300
81367,1,42.533836,-83.119618,6.863712
81368,1,42.533834,-83.119527,7.790740
81369,1,42.533829,-83.119425,8.659636
81370,1,42.533825,-83.119316,9.081480
81371,1,42.533822,-83.119206,9.008429
81372,1,42.533821,-83.119098,8.774357
81373,1,42.533823,-83.118993,8.499644
81374,1,42.533825,-83.118897,7.529917
81375,1,42.533827,-83.118814,6.516462
81376,1,42.533828,-83.118743,5.532845
81377,1,42.533827,-83.118684,4.564147
81378,1,42.533826,-83.118636,3.713771
81379,1,42.533824,-83.118601,2.482192
81380,1,42.533823,-83.118578,1.680689
81381,1,42.533822,-83.118565,0.761377
81382,1,42.533821,-83.118555,0.867867
81383,1,42.533820,-83.118542,1.179620
81384,1,42.533817,-83.118526,1.446102
81385,1,42.533815,-83.118512,1.091650
81386,1,42.533814,-83.118505,0.397151
81387,1,42.533814,-83.118504,0.011832
81388,1,42.533814,-83.118504,0.006173
81389,1,42.533814,-83.118504,0.012347
81390,1,42.533815,-83.118504,0.013376
81391,1,42.533816,-83.118505,0.014404
81392,1,42.533816,-83.118505,0.004116
81393,1,42.533816,-83.118505,0.009774
81394,1,42.533816,-83.118505,0.024179
81395,1,42.533816,-83.118506,0.013890
81396,1,42.533817,-83.118506,0.013890
81397,1,42.533817,-83.118507,0.005144
81398,1,42.533817,-83.118507,0.033953
81399,1,42.533817,-83.118506,0.048358
81400,1,42.533817,-83.118505,0.174911
81401,1,42.533816,-83.118501,0.333360
81402,1,42.533814,-83.118495,0.670321
81403,1,42.533810,-83.118480,1.455877
81404,1,42.533800,-83.118454,2.766165
81405,1,42.533778,-83.118420,4.072339
81406,1,42.533744,-83.118386,5.119232
81407,1,42.533697,-83.118361,5.879066
81408,1,42.533639,-83.118348,6.757222
81409,1,42.533587,-83.118340,5.430471
81410,1,42.533546,-83.118333,4.298180
81411,1,42.533513,-83.118329,3.295014
81412,1,42.533486,-83.118325,2.926672
81413,1,42.533463,-83.118322,2.397309
81414,1,42.533442,-83.118318,2.229600
81415,1,42.533423,-83.118315,2.115394
81416,1,42.533405,-83.118313,2.006846
81417,1,42.533382,-83.118309,2.855164
81418,1,42.533353,-83.118305,3.318678
81419,1,42.533325,-83.118301,3.021844
81420,1,42.533291,-83.118297,4.179857
81421,1,42.533242,-83.118292,6.174357
81422,1,42.533180,-83.118286,7.215077
81423,1,42.533123,-83.118279,6.036486
81424,1,42.533077,-83.118270,4.732885
81425,1,42.533039,-83.118262,4.093431
81426,1,42.533005,-83.118253,3.799169
81427,1,42.532970,-83.118243,3.958647
81428,1,42.532932,-83.118230,4.622279
81429,1,42.532893,-83.118214,4.482351
81430,1,42.532857,-83.118196,4.159794
81431,1,42.532824,-83.118177,3.825406
81432,1,42.532795,-83.118157,3.540404
81433,1,42.532768,-83.118138,3.250257
81434,1,42.532745,-83.118119,2.974001
81435,1,42.532725,-83.118102,2.540324
81436,1,42.532710,-83.118089,1.674001
81437,1,42.532699,-83.118079,1.399802
81438,1,42.532689,-83.118069,1.421923
81439,1,42.532678,-83.118059,1.440443
81440,1,42.532666,-83.118048,1.644163
81441,1,42.532652,-83.118032,2.262010
81442,1,42.532631,-83.118009,3.221448
81443,1,42.532609,-83.117982,3.459121
81444,1,42.532587,-83.117954,3.222477
81445,1,42.532568,-83.117927,3.003839
81446,1,42.532551,-83.117901,2.797032
81447,1,42.532535,-83.117877,2.536209
81448,1,42.532521,-83.117855,2.306767
81449,1,42.532508,-83.117834,2.210566
81450,1,42.532494,-83.117809,2.776454
81451,1,42.532474,-83.117777,3.631975
81452,1,42.532451,-83.117736,4.445311
81453,1,42.532426,-83.117690,4.829086
81454,1,42.532399,-83.117644,4.773011
81455,1,42.532372,-83.117596,5.120776
81456,1,42.532344,-83.117548,4.980332
81457,1,42.532317,-83.117501,4.780728
81458,1,42.532291,-83.117457,4.592442
81459,1,42.532265,-83.117414,4.509102
81460,1,42.532236,-83.117367,5.274080
81461,1,42.532204,-83.117317,5.438188
81462,1,42.532170,-83.117263,6.006648
81463,1,42.532134,-83.117208,5.913019
81464,1,42.532099,-83.117156,5.706213
81465,1,42.532064,-83.117107,5.479857
81466,1,42.532030,-83.117061,5.247843
81467,1,42.531997,-83.117017,5.053898
81468,1,42.531965,-83.116976,4.862525
81469,1,42.531931,-83.116935,5.114602
81470,1,42.531892,-83.116891,5.801899
81471,1,42.531847,-83.116842,6.869371
81472,1,42.531796,-83.116790,7.214048
81473,1,42.531745,-83.116740,6.903838
81474,1,42.531696,-83.116694,6.584883
81475,1,42.531648,-83.116651,6.321488
81476,1,42.531602,-83.116612,6.039573
81477,1,42.531563,-83.116580,4.481836
81478,1,42.531534,-83.116556,3.490503
81479,1,42.531515,-83.116541,1.998615
81480,1,42.531503,-83.116533,1.158528
81481,1,42.531495,-83.116526,1.043807
81482,1,42.531486,-83.116520,1.223348
81483,1,42.531475,-83.116512,1.477483
81484,1,42.531462,-83.116503,1.587060
81485,1,42.531449,-83.116493,1.800040
81486,1,42.531434,-83.116483,1.881322
81487,1,42.531418,-83.116473,2.017649
81488,1,42.531400,-83.116462,2.167353
81489,1,42.531379,-83.116450,2.697230
81490,1,42.531354,-83.116437,3.142224
81491,1,42.531326,-83.116424,3.356747
81492,1,42.531303,-83.116413,2.316541
81493,1,42.531288,-83.116406,1.572141
81494,1,42.531279,-83.116401,0.781955
81495,1,42.531275,-83.116399,0.443965
81496,1,42.531268,-83.116396,0.942976
81497,1,42.531258,-83.116391,1.266561
81498,1,42.531243,-83.116383,2.125683
81499,1,42.531221,-83.116373,2.722952
81500,1,42.531198,-83.116362,2.697230
81501,1,42.531175,-83.116351,2.678195
81502,1,42.531151,-83.116341,2.872141
81503,1,42.531122,-83.116328,3.628888
81504,1,42.531086,-83.116313,4.449941
81505,1,42.531042,-83.116297,5.314207
81506,1,42.530994,-83.116281,5.466482
81507,1,42.530948,-83.116267,5.223150
81508,1,42.530906,-83.116256,4.499327
81509,1,42.530870,-83.116247,3.871191
81510,1,42.530839,-83.116240,3.343886
81511,1,42.530811,-83.116234,3.158686
81512,1,42.530783,-83.116227,3.148397
81513,1,42.530749,-83.116220,4.039929
81514,1,42.530709,-83.116212,4.836288
81515,1,42.530661,-83.116204,5.637277
81516,1,42.530608,-83.116196,6.010764
81517,1,42.530551,-83.116189,6.616779
81518,1,42.530488,-83.116182,7.271666
81519,1,42.530424,-83.116175,7.123506
81520,1,42.530362,-83.116169,6.782430
81521,1,42.530300,-83.116164,6.932133
81522,1,42.530238,-83.116159,7.076177
81523,1,42.530175,-83.116154,6.871429
81524,1,42.530114,-83.116147,6.811239
81525,1,42.530054,-83.116140,6.655362
81526,1,42.529996,-83.116134,6.386822
81527,1,42.529938,-83.116128,6.524179
81528,1,42.529874,-83.116122,7.505224
81529,1,42.529806,-83.116117,7.468698
81530,1,42.529742,-83.116111,7.083379
81531,1,42.529683,-83.116104,6.361100
81532,1,42.529630,-83.116098,5.801385
81533,1,42.529582,-83.116092,5.142897
81534,1,42.529538,-83.116086,4.784844
81535,1,42.529497,-83.116081,4.550257
81536,1,42.529457,-83.116076,4.409300
81537,1,42.529419,-83.116073,4.159280
81538,1,42.529384,-83.116069,3.842382
81539,1,42.529350,-83.116065,3.653581
81540,1,42.529319,-83.116062,3.503364
81541,1,42.529288,-83.116058,3.389672
81542,1,42.529256,-83.116055,3.644836
81543,1,42.529214,-83.116048,5.183538
81544,1,42.529162,-83.116037,6.091531
81545,1,42.529106,-83.116025,6.337950
81546,1,42.529049,-83.116017,6.399169
81547,1,42.528990,-83.116010,6.788089
81548,1,42.528928,-83.116004,6.955797
81549,1,42.528867,-83.116000,6.651761
81550,1,42.528809,-83.115993,6.334863
81551,1,42.528749,-83.115983,6.829244
81552,1,42.528681,-83.115972,7.976969
81553,1,42.528605,-83.115959,8.783102
81554,1,42.528523,-83.115948,9.255362
81555,1,42.528441,-83.115939,9.114919
81556,1,42.528359,-83.115933,9.086624
81557,1,42.528276,-83.115927,9.409695
81558,1,42.528188,-83.115921,9.892758
81559,1,42.528098,-83.115915,10.077958
81560,1,42.528008,-83.115911,9.813019
81561,1,42.527922,-83.115907,9.531618
81562,1,42.527836,-83.115903,9.643253
81563,1,42.527746,-83.115899,10.095449
81564,1,42.527655,-83.115894,10.125801
81565,1,42.527565,-83.115890,9.864978
81566,1,42.527478,-83.115886,9.599011
81567,1,42.527393,-83.115883,9.354650
81568,1,42.527311,-83.115880,9.090225
81569,1,42.527230,-83.115877,8.872616
81570,1,42.527151,-83.115874,8.662208
81571,1,42.527072,-83.115871,8.839691
81572,1,42.526991,-83.115868,9.110803
81573,1,42.526909,-83.115864,9.020776
81574,1,42.526832,-83.115861,8.341195
81575,1,42.526758,-83.115858,8.112782
81576,1,42.526686,-83.115856,7.986743
81577,1,42.526613,-83.115853,8.210526
81578,1,42.526537,-83.115850,8.563949
81579,1,42.526457,-83.115847,8.940008
81580,1,42.526375,-83.115844,9.236328
81581,1,42.526292,-83.115841,9.081480
81582,1,42.526212,-83.115837,8.828888
81583,1,42.526134,-83.115833,8.615394
81584,1,42.526058,-83.115829,8.393154
81585,1,42.525984,-83.115825,8.201266
81586,1,42.525911,-83.115823,8.000119
81587,1,42.525841,-83.115821,7.800514
81588,1,42.525772,-83.115820,7.614286
81589,1,42.525704,-83.115818,7.487218
81590,1,42.525635,-83.115815,7.718203
81591,1,42.525563,-83.115812,8.146735
81592,1,42.525489,-83.115808,8.391096
81593,1,42.525413,-83.115805,8.346854
81594,1,42.525340,-83.115801,8.158567
81595,1,42.525267,-83.115798,8.063395
81596,1,42.525194,-83.115794,8.020696
81597,1,42.525123,-83.115790,7.866363
81598,1,42.525051,-83.115787,8.150336
81599,1,42.524974,-83.115784,8.628769
81600,1,42.524894,-83.115781,9.024891
81601,1,42.524811,-83.115777,9.364424
81602,1,42.524728,-83.115774,9.160704
81603,1,42.524647,-83.115771,8.911713
81604,1,42.524568,-83.115768,8.816027
81605,1,42.524488,-83.115764,8.924575
81606,1,42.524409,-83.115760,8.721884
81607,1,42.524331,-83.115756,8.560348
81608,1,42.524253,-83.115752,8.694618
81609,1,42.524173,-83.115749,9.070162
81610,1,42.524089,-83.115746,9.432331
81611,1,42.524000,-83.115743,10.021884
81612,1,42.523903,-83.115739,11.088326
81613,1,42.523798,-83.115735,12.087376
81614,1,42.523685,-83.115730,12.744836
81615,1,42.523568,-83.115723,13.105461
81616,1,42.523447,-83.115717,13.489236
81617,1,42.523321,-83.115712,14.276335
81618,1,42.523188,-83.115706,15.047487
81619,1,42.523048,-83.115700,15.805777
81620,1,42.522902,-83.115695,16.446775
81621,1,42.522751,-83.115689,16.897942
81622,1,42.522598,-83.115682,17.124297
81623,1,42.522442,-83.115674,17.323902
81624,1,42.522284,-83.115667,17.804392
81625,1,42.522118,-83.115660,18.620301
81626,1,42.521947,-83.115653,19.118797
81627,1,42.521774,-83.115645,19.337950
81628,1,42.521600,-83.115637,19.433122
81629,1,42.521424,-83.115629,19.475821
81630,1,42.521249,-83.115621,19.508745
81631,1,42.521074,-83.115613,19.521092
81632,1,42.520898,-83.115605,19.557103
81633,1,42.520721,-83.115597,19.703205
81634,1,42.520543,-83.115590,19.877602
81635,1,42.520362,-83.115582,20.112703
81636,1,42.520180,-83.115574,20.346775
81637,1,42.519995,-83.115567,20.633834
81638,1,42.519808,-83.115559,20.930154
81639,1,42.519618,-83.115552,21.266601
81640,1,42.519424,-83.115544,21.655006
81641,1,42.519226,-83.115535,22.098456
81642,1,42.519025,-83.115527,22.535734
81643,1,42.518819,-83.115518,22.964780
81644,1,42.518610,-83.115508,23.392283
81645,1,42.518396,-83.115499,23.824416
81646,1,42.518180,-83.115489,24.239058
81647,1,42.517959,-83.115481,24.590938
81648,1,42.517736,-83.115472,24.880055
81649,1,42.517511,-83.115463,25.090977
81650,1,42.517285,-83.115452,25.048278
81651,1,42.517060,-83.115442,24.975227
81652,1,42.516836,-83.115432,24.847645
81653,1,42.516614,-83.115422,24.637238
81654,1,42.516393,-83.115413,24.456668
81655,1,42.516174,-83.115404,24.334230
81656,1,42.515956,-83.115395,24.148516
81657,1,42.515740,-83.115385,23.922675
81658,1,42.515526,-83.115374,23.721527
81659,1,42.515313,-83.115365,23.650534
81660,1,42.515101,-83.115355,23.624297
81661,1,42.514888,-83.115345,23.682944
81662,1,42.514674,-83.115337,23.733359
81663,1,42.514460,-83.115329,23.933478
81664,1,42.514242,-83.115321,24.295647
81665,1,42.514021,-83.115313,24.674278
81666,1,42.513796,-83.115304,25.033874
81667,1,42.513569,-83.115294,25.383696
81668,1,42.513339,-83.115283,25.714483
81669,1,42.513106,-83.115273,26.018005
81670,1,42.512871,-83.115263,26.206806
81671,1,42.512633,-83.115253,26.441393
81672,1,42.512394,-83.115242,26.622991
81673,1,42.512153,-83.115231,26.831856
81674,1,42.511910,-83.115220,27.034547
81675,1,42.511666,-83.115209,27.218203
81676,1,42.511420,-83.115197,27.384369
81677,1,42.511173,-83.115186,27.470795
81678,1,42.510925,-83.115175,27.557736
81679,1,42.510677,-83.115164,27.665255
81680,1,42.510427,-83.115154,27.781519
81681,1,42.510176,-83.115144,27.899841
81682,1,42.509924,-83.115134,27.994499
81683,1,42.509672,-83.115125,28.085556
81684,1,42.509418,-83.115114,28.203878
81685,1,42.509163,-83.115101,28.305223
81686,1,42.508908,-83.115089,28.414800
81687,1,42.508650,-83.115077,28.764622
81688,1,42.508389,-83.115064,28.988919
81689,1,42.508127,-83.115051,29.156628
81690,1,42.507863,-83.115040,29.296042
81691,1,42.507599,-83.115029,29.311990
81692,1,42.507335,-83.115017,29.391215
81693,1,42.507070,-83.115005,29.459121
81694,1,42.506805,-83.114993,29.417451
81695,1,42.506540,-83.114981,29.381440
81696,1,42.506277,-83.114971,29.270835
81697,1,42.506016,-83.114960,29.036763
81698,1,42.505758,-83.114950,28.524891
81699,1,42.505503,-83.114941,28.363355
81700,1,42.505249,-83.114929,28.244004
81701,1,42.504995,-83.114921,28.196676
81702,1,42.504742,-83.114923,28.185872
81703,1,42.504489,-83.114934,28.162722
81704,1,42.504236,-83.114959,28.228057
81705,1,42.503983,-83.115000,28.325287
81706,1,42.503731,-83.115059,28.483221
81707,1,42.503480,-83.115135,28.695686
81708,1,42.503230,-83.115231,28.953423
81709,1,42.502981,-83.115347,29.248199
81710,1,42.502735,-83.115481,29.602651
81711,1,42.502490,-83.115631,29.976652
81712,1,42.502246,-83.115792,30.322358
81713,1,42.502001,-83.115960,30.581124
81714,1,42.501756,-83.116128,30.476691
81715,1,42.501512,-83.116297,30.334190
81716,1,42.501270,-83.116466,30.154650
81717,1,42.501028,-83.116629,29.988999
81718,1,42.500784,-83.116783,29.887653
81719,1,42.500534,-83.116923,30.115552
81720,1,42.500277,-83.117047,30.356312
81721,1,42.500014,-83.117154,30.618678
81722,1,42.499745,-83.117245,30.859438
81723,1,42.499475,-83.117327,30.764266
81724,1,42.499200,-83.117379,30.822912
81725,1,42.498923,-83.117407,31.033834
81726,1,42.498644,-83.117419,31.096596
81727,1,42.498367,-83.117419,30.623308
81728,1,42.498092,-83.117403,30.496240
81729,1,42.497818,-83.117385,30.330589
81730,1,42.497555,-83.117369,28.643727
81731,1,42.497309,-83.117352,26.462485
81732,1,42.497078,-83.117337,25.344084
81733,1,42.496855,-83.117324,24.723664
81734,1,42.496637,-83.117308,24.142342
81735,1,42.496422,-83.117293,23.656707
81736,1,42.496211,-83.117278,23.124772
81737,1,42.496005,-83.117263,22.638108
81738,1,42.495807,-83.117249,21.544915
81739,1,42.495620,-83.117236,20.345746
81740,1,42.495439,-83.117223,19.949109
81741,1,42.495261,-83.117211,19.645587
81742,1,42.495083,-83.117199,19.732014
81743,1,42.494904,-83.117188,19.908983
81744,1,42.494723,-83.117177,20.146141
81745,1,42.494539,-83.117167,20.637436
81746,1,42.494351,-83.117155,21.117926
81747,1,42.494158,-83.117141,21.720855
81748,1,42.493961,-83.117126,22.064503
81749,1,42.493760,-83.117110,22.566601
81750,1,42.493554,-83.117094,23.046577
81751,1,42.493344,-83.117074,23.616581
81752,1,42.493128,-83.117046,24.226197
81753,1,42.492908,-83.117012,24.818322
81754,1,42.492683,-83.116972,25.391927
81755,1,42.492453,-83.116923,26.002058
81756,1,42.492220,-83.116863,26.654887
81757,1,42.491981,-83.116794,27.311318
81758,1,42.491738,-83.116717,27.968777
81759,1,42.491490,-83.116634,28.638583
81760,1,42.491236,-83.116549,29.286268
81761,1,42.490977,-83.116461,29.856272
81762,1,42.490713,-83.116373,30.443767
81763,1,42.490440,-83.116299,30.815196
81764,1,42.490170,-83.116211,30.803878
81765,1,42.489900,-83.116118,31.005025
81766,1,42.489629,-83.116023,31.151128
81767,1,42.489356,-83.115932,31.232924
81768,1,42.489085,-83.115843,31.360506
81769,1,42.488810,-83.115753,31.464424
81770,1,42.488534,-83.115665,31.573486
81771,1,42.488257,-83.115574,31.726790
81772,1,42.487978,-83.115484,31.892441
81773,1,42.487698,-83.115393,32.078156
81774,1,42.487417,-83.115299,32.294222
81775,1,42.487136,-83.115202,32.201622
81776,1,42.486857,-83.115106,31.898100
81777,1,42.486579,-83.115010,31.761773
81778,1,42.486304,-83.114913,31.590977
81779,1,42.486032,-83.114815,31.237040
81780,1,42.485762,-83.114717,31.050297
81781,1,42.485492,-83.114618,30.954610
81782,1,42.485224,-83.114519,30.965413
81783,1,42.484954,-83.114420,31.089909
81784,1,42.484683,-83.114319,31.323466
81785,1,42.484410,-83.114217,31.576058
81786,1,42.484134,-83.114115,31.866719
81787,1,42.483856,-83.114011,32.112109
81788,1,42.483576,-83.113906,32.325089
81789,1,42.483294,-83.113800,32.635298
81790,1,42.483013,-83.113697,32.374990
81791,1,42.482732,-83.113591,32.360071
81792,1,42.482450,-83.113480,32.320973
81793,1,42.482171,-83.113379,32.310684
81794,1,42.481889,-83.113276,32.196478
81795,1,42.481610,-83.113173,32.080728
81796,1,42.481332,-83.113073,31.951602
81797,1,42.481054,-83.112975,31.971666
81798,1,42.480775,-83.112879,32.078156
81799,1,42.480493,-83.112788,32.275188
81800,1,42.480209,-83.112702,32.376019
81801,1,42.479922,-83.112621,32.606490
81802,1,42.479637,-83.112522,32.727384
81803,1,42.479348,-83.112429,33.102928
81804,1,42.479055,-83.112361,33.278868
81805,1,42.478759,-83.112295,33.482073
81806,1,42.478463,-83.112225,33.611199
81807,1,42.478165,-83.112153,33.779936
81808,1,42.477865,-83.112079,33.730550
81809,1,42.477568,-83.112007,33.382271
81810,1,42.477274,-83.111935,33.040680
81811,1,42.476983,-83.111864,32.666165
81812,1,42.476695,-83.111799,32.379105
81813,1,42.476411,-83.111733,31.938741
81814,1,42.476132,-83.111668,31.608468
81815,1,42.475852,-83.111593,31.629046
81816,1,42.475571,-83.111516,31.520498
81817,1,42.475291,-83.111445,31.366165
81818,1,42.475014,-83.111371,31.160388
81819,1,42.474741,-83.111297,31.022517
81820,1,42.474468,-83.111226,30.820854
81821,1,42.474196,-83.111152,30.626909
81822,1,42.473927,-83.111076,30.425247
81823,1,42.473660,-83.110997,30.290463
81824,1,42.473394,-83.110917,30.107835
81825,1,42.473131,-83.110836,29.811515
81826,1,42.472869,-83.110756,29.872220
81827,1,42.472606,-83.110677,29.887139
81828,1,42.472343,-83.110594,29.913890
81829,1,42.472079,-83.110510,29.907202
81830,1,42.471818,-83.110424,29.888682
81831,1,42.471558,-83.110337,29.872220
81832,1,42.471297,-83.110246,29.859873
81833,1,42.471037,-83.110154,29.793510
81834,1,42.470777,-83.110062,29.919549
81835,1,42.470517,-83.109969,29.907716
81836,1,42.470257,-83.109874,29.976652
81837,1,42.469998,-83.109775,29.959675
81838,1,42.469737,-83.109675,30.066165
81839,1,42.469477,-83.109572,30.194776
81840,1,42.469215,-83.109468,30.392837
81841,1,42.468951,-83.109362,30.575465
81842,1,42.468687,-83.109253,30.709735
81843,1,42.468421,-83.109141,30.960783
81844,1,42.468159,-83.109028,30.606331
81845,1,42.467896,-83.108914,30.544084
81846,1,42.467635,-83.108800,30.396438
81847,1,42.467376,-83.108685,30.278631
81848,1,42.467118,-83.108569,30.119153
81849,1,42.466863,-83.108453,29.910803
81850,1,42.466610,-83.108336,29.620657
81851,1,42.466357,-83.108218,29.650494
81852,1,42.466104,-83.108100,29.625801
81853,1,42.465851,-83.107985,29.579501
81854,1,42.465599,-83.107870,29.555322
81855,1,42.465346,-83.107757,29.559952
81856,1,42.465093,-83.107646,29.515196
81857,1,42.464839,-83.107537,29.748753
81858,1,42.464582,-83.107431,29.863989
81859,1,42.464323,-83.107327,30.110407
81860,1,42.464061,-83.107226,30.382548
81861,1,42.463797,-83.107128,30.366086
81862,1,42.463534,-83.107031,30.052790
81863,1,42.463273,-83.106935,30.054847
81864,1,42.463011,-83.106839,30.078512
81865,1,42.462748,-83.106745,30.376889
81866,1,42.462482,-83.106651,30.545627
81867,1,42.462215,-83.106553,30.877443
81868,1,42.461945,-83.106453,31.148555
81869,1,42.461675,-83.106354,31.040522
81870,1,42.461406,-83.106253,31.019944
81871,1,42.461141,-83.106138,31.062643
81872,1,42.460881,-83.106000,30.983419
81873,1,42.460634,-83.105835,30.778156
81874,1,42.460398,-83.105645,30.569291
81875,1,42.460171,-83.105433,30.627424
81876,1,42.459959,-83.105201,30.346023
81877,1,42.459760,-83.104948,30.534309
81878,1,42.459575,-83.104677,30.249307
81879,1,42.459407,-83.104388,30.240562
81880,1,42.459252,-83.104085,30.336248
81881,1,42.459113,-83.103770,30.093431
81882,1,42.458997,-83.103446,29.680847
81883,1,42.458902,-83.103109,29.595449
81884,1,42.458823,-83.102771,28.914839
81885,1,42.458754,-83.102425,29.139651
81886,1,42.458686,-83.102082,28.889632
81887,1,42.458619,-83.101743,28.749188
81888,1,42.458553,-83.101402,28.636011
81889,1,42.458484,-83.101065,28.526434
81890,1,42.458410,-83.100732,28.498654
81891,1,42.458327,-83.100403,28.509458
81892,1,42.458234,-83.100081,28.358211
81893,1,42.458133,-83.099768,27.933280
81894,1,42.458023,-83.099465,27.612267
81895,1,42.457901,-83.099171,27.597348
81896,1,42.457772,-83.098884,27.664741
81897,1,42.457635,-83.098604,27.734190
81898,1,42.457488,-83.098331,27.714642
81899,1,42.457334,-83.098069,27.432212
81900,1,42.457173,-83.097816,27.382311
81901,1,42.457004,-83.097573,27.298456
81902,1,42.456829,-83.097343,26.984646
81903,1,42.456650,-83.097127,26.621963
81904,1,42.456466,-83.096923,26.310209
81905,1,42.456280,-83.096732,26.009260
81906,1,42.456088,-83.096553,25.796280
81907,1,42.455894,-83.096384,25.650178
81908,1,42.455697,-83.096225,25.518480
81909,1,42.455495,-83.096079,25.350771
81910,1,42.455289,-83.095944,25.526711
81911,1,42.455075,-83.095819,25.976335
81912,1,42.454858,-83.095702,25.987653
81913,1,42.454632,-83.095598,26.382746
81914,1,42.454401,-83.095502,27.017056
81915,1,42.454164,-83.095419,27.081361
81916,1,42.453925,-83.095352,27.293826
81917,1,42.453681,-83.095299,27.531500
81918,1,42.453434,-83.095260,27.738820
81919,1,42.453183,-83.095232,27.980609
81920,1,42.452930,-83.095213,28.245548
81921,1,42.452674,-83.095198,28.538266
81922,1,42.452416,-83.095184,28.862366
81923,1,42.452154,-83.095171,29.194697
81924,1,42.451890,-83.095157,29.420023
81925,1,42.451626,-83.095141,29.336684
81926,1,42.451362,-83.095126,29.308904
81927,1,42.451099,-83.095111,29.165374
81928,1,42.450838,-83.095098,28.838187
81929,1,42.450581,-83.095085,28.473447
81930,1,42.450328,-83.095073,28.016106
81931,1,42.450084,-83.095060,26.775781
81932,1,42.449848,-83.095046,25.880134
81933,1,42.449618,-83.095033,25.499446
81934,1,42.449390,-83.095020,25.159398
81935,1,42.449166,-83.095008,24.858449
81936,1,42.448944,-83.094997,24.619232
81937,1,42.448723,-83.094985,24.484448
81938,1,42.448503,-83.094973,24.524574
81939,1,42.448281,-83.094960,24.755560
81940,1,42.448056,-83.094946,25.031302
81941,1,42.447829,-83.094933,25.345113
81942,1,42.447599,-83.094920,25.624456
81943,1,42.447367,-83.094907,25.801939
81944,1,42.447138,-83.094895,25.380095
81945,1,42.446914,-83.094875,24.890858
81946,1,42.446679,-83.094839,26.020578
81947,1,42.446447,-83.094841,26.133755
81948,1,42.446208,-83.094838,26.370399
81949,1,42.445971,-83.094839,26.116779
81950,1,42.445733,-83.094846,25.929006
81951,1,42.445501,-83.094858,25.844123
81952,1,42.445266,-83.094874,25.898654
81953,1,42.445033,-83.094895,25.921290
81954,1,42.444800,-83.094921,25.966046
81955,1,42.444567,-83.094950,25.880649
81956,1,42.444337,-83.094986,25.654808
81957,1,42.444110,-83.095021,25.232449
81958,1,42.443887,-83.095055,24.755045
81959,1,42.443666,-83.095085,24.528690
81960,1,42.443448,-83.095115,24.436604
81961,1,42.443228,-83.095144,24.406252
81962,1,42.443008,-83.095170,24.465413
81963,1,42.442788,-83.095190,24.539493
81964,1,42.442565,-83.095204,24.710803
81965,1,42.442341,-83.095214,24.912980
81966,1,42.442115,-83.095220,25.115156
81967,1,42.441888,-83.095220,25.269489
81968,1,42.441660,-83.095216,25.340997
81969,1,42.441432,-83.095208,25.346141
81970,1,42.441203,-83.095200,25.378551
81971,1,42.440974,-83.095192,25.429996
81972,1,42.440745,-83.095185,25.520538
81973,1,42.440514,-83.095179,25.625485
81974,1,42.440282,-83.095174,25.759754
81975,1,42.440049,-83.095169,25.897111
81976,1,42.439815,-83.095162,26.039098
81977,1,42.439581,-83.095158,26.024693
81978,1,42.439348,-83.095151,25.929521
81979,1,42.439115,-83.095140,25.813257
81980,1,42.438882,-83.095129,25.612109
81981,1,42.438653,-83.095121,25.415591
81982,1,42.438427,-83.095113,24.979857
81983,1,42.438204,-83.095105,24.532291
81984,1,42.437985,-83.095098,24.203047
81985,1,42.437767,-83.095092,24.253977
81986,1,42.437550,-83.095086,24.013731
81987,1,42.437348,-83.095081,21.994024
81988,1,42.437160,-83.095078,20.344717
81989,1,42.436982,-83.095073,19.575623
81990,1,42.436808,-83.095067,19.279303
81991,1,42.436636,-83.095060,19.006648
81992,1,42.436465,-83.095054,18.938227
81993,1,42.436294,-83.095048,19.006648
81994,1,42.436121,-83.095043,19.204709
81995,1,42.435946,-83.095038,19.543728
81996,1,42.435768,-83.095033,19.884804
81997,1,42.435587,-83.095027,20.236169
81998,1,42.435402,-83.095022,20.585477
81999,1,42.435215,-83.095017,20.979026
82000,1,42.435023,-83.095012,21.399327
82001,1,42.434827,-83.095006,21.884448
82002,1,42.434627,-83.095001,22.450336
82003,1,42.434421,-83.094995,23.017253
82004,1,42.434210,-83.094988,23.532726
82005,1,42.433996,-83.094979,24.010130
82006,1,42.433777,-83.094971,24.420657
82007,1,42.433555,-83.094963,24.683023
82008,1,42.433332,-83.094953,24.841986
82009,1,42.433109,-83.094943,24.719034
82010,1,42.432886,-83.094931,24.755045
82011,1,42.432662,-83.094914,24.954650
82012,1,42.432434,-83.094894,25.604907
82013,1,42.432205,-83.094871,25.524139
82014,1,42.431974,-83.094845,25.808112
82015,1,42.431741,-83.094814,25.965532
82016,1,42.431509,-83.094783,26.103917
82017,1,42.431279,-83.094751,25.884250
82018,1,42.431048,-83.094721,25.742263
82019,1,42.430819,-83.094693,25.612623
82020,1,42.430591,-83.094661,25.466521
82021,1,42.430364,-83.094632,25.328136
82022,1,42.430138,-83.094602,25.175860
82023,1,42.429914,-83.094571,25.023071
82024,1,42.429690,-83.094544,25.052394
82025,1,42.429463,-83.094520,25.384725
82026,1,42.429233,-83.094499,25.782390
82027,1,42.428999,-83.094481,26.152275
82028,1,42.428762,-83.094468,26.436248
82029,1,42.428523,-83.094457,26.705817
82030,1,42.428283,-83.094444,26.696557
82031,1,42.428044,-83.094432,26.504155
82032,1,42.427807,-83.094420,26.243332
82033,1,42.427573,-83.094407,25.982509
82034,1,42.427341,-83.094394,25.702137
82035,1,42.427113,-83.094375,25.228848
82036,1,42.426886,-83.094344,25.264345
82037,1,42.426666,-83.094301,24.496794
82038,1,42.426450,-83.094247,24.279185
82039,1,42.426238,-83.094181,24.148516
82040,1,42.426028,-83.094101,24.344005
82041,1,42.425818,-83.094009,24.606371
82042,1,42.425611,-83.093907,24.515829
82043,1,42.425404,-83.093792,24.955164
82044,1,42.425201,-83.093663,24.933557
82045,1,42.425003,-83.093523,24.866165
82046,1,42.424804,-83.093378,25.144994
82047,1,42.424616,-83.093233,23.905184
82048,1,42.424435,-83.093097,22.703443
82049,1,42.424258,-83.092959,22.298061
82050,1,42.424087,-83.092822,21.873644
82051,1,42.423915,-83.092694,21.728057
82052,1,42.423745,-83.092564,21.712109
82053,1,42.423575,-83.092433,21.821171
82054,1,42.423405,-83.092298,22.014088
82055,1,42.423232,-83.092163,22.178195
82056,1,42.423059,-83.092028,22.171508
82057,1,42.422885,-83.091893,22.238385
82058,1,42.422711,-83.091757,22.300633
82059,1,42.422537,-83.091622,22.355678
82060,1,42.422361,-83.091488,22.472457
82061,1,42.422183,-83.091351,22.805817
82062,1,42.422004,-83.091211,23.109339
82063,1,42.421824,-83.091065,23.431895
82064,1,42.421643,-83.090914,23.736961
82065,1,42.421461,-83.090759,23.962802
82066,1,42.421277,-83.090602,24.276612
82067,1,42.421090,-83.090440,24.732410
82068,1,42.420901,-83.090274,25.123902
82069,1,42.420710,-83.090107,25.471666
82070,1,42.420517,-83.089938,25.748951
82071,1,42.420320,-83.089768,26.060704
82072,1,42.420121,-83.089597,26.319984
82073,1,42.419920,-83.089424,26.529877
82074,1,42.419718,-83.089250,26.695014
82075,1,42.419516,-83.089075,26.803047
82076,1,42.419311,-83.088901,26.885358
82077,1,42.419104,-83.088731,26.975900
82078,1,42.418896,-83.088560,27.081361
82079,1,42.418687,-83.088390,27.229521
82080,1,42.418476,-83.088218,27.433241
82081,1,42.418263,-83.088044,27.637989
82082,1,42.418049,-83.087868,27.847883
82083,1,42.417834,-83.087692,27.949743
82084,1,42.417619,-83.087517,28.048001
82085,1,42.417401,-83.087341,28.214167
82086,1,42.417181,-83.087165,28.447210
82087,1,42.416961,-83.086985,28.664305
82088,1,42.416741,-83.086802,28.859280
82089,1,42.416518,-83.086617,29.056312
82090,1,42.416294,-83.086431,29.318164
82091,1,42.416070,-83.086239,29.576414
82092,1,42.415847,-83.086043,29.637633
82093,1,42.415625,-83.085846,29.467867
82094,1,42.415406,-83.085647,29.298615
82095,1,42.415190,-83.085447,29.007954
82096,1,42.414978,-83.085248,28.577364
82097,1,42.414769,-83.085048,28.402968
82098,1,42.414561,-83.084846,28.518203
82099,1,42.414354,-83.084640,28.624179
82100,1,42.414146,-83.084433,28.794974
82101,1,42.413936,-83.084225,28.957024
82102,1,42.413727,-83.084013,29.140680
82103,1,42.413516,-83.083800,29.299644
82104,1,42.413302,-83.083588,29.517253
82105,1,42.413087,-83.083376,29.687534
82106,1,42.412870,-83.083162,29.840324
82107,1,42.412653,-83.082948,29.933953
82108,1,42.412434,-83.082740,29.689078
82109,1,42.412216,-83.082536,29.406648
82110,1,42.411999,-83.082336,29.097982
82111,1,42.411783,-83.082140,28.783142
82112,1,42.411567,-83.081948,28.768223
82113,1,42.411348,-83.081758,29.023902
82114,1,42.411125,-83.081567,29.435457
82115,1,42.410899,-83.081375,29.793510
82116,1,42.410670,-83.081182,30.114523
82117,1,42.410438,-83.080989,30.316699
82118,1,42.410205,-83.080796,30.442738
82119,1,42.409971,-83.080602,30.570320
82120,1,42.409736,-83.080407,30.634626
82121,1,42.409503,-83.080213,30.289434
82122,1,42.409273,-83.080022,29.881994
82123,1,42.409046,-83.079834,29.455520
82124,1,42.408820,-83.079647,29.394816
82125,1,42.408600,-83.079455,28.867511
82126,1,42.408387,-83.079259,28.779541
82127,1,42.408179,-83.079049,28.792402
82128,1,42.407980,-83.078826,28.828927
82129,1,42.407788,-83.078589,28.981717
82130,1,42.407604,-83.078337,29.178749
82131,1,42.407429,-83.078071,29.362920
82132,1,42.407262,-83.077793,29.592362
82133,1,42.407104,-83.077501,29.808429
82134,1,42.406951,-83.077201,30.041472
82135,1,42.406799,-83.076899,30.175742
82136,1,42.406645,-83.076596,30.116581
82137,1,42.406493,-83.076296,29.929323
82138,1,42.406341,-83.075998,29.664899
82139,1,42.406187,-83.075704,29.548120
82140,1,42.406034,-83.075408,29.791452
82141,1,42.405863,-83.075128,29.877879
82142,1,42.405685,-83.074860,29.726632
82143,1,42.405496,-83.074603,29.772932
82144,1,42.405300,-83.074358,29.779105
82145,1,42.405093,-83.074128,29.819746
82146,1,42.404877,-83.073913,29.729204
82147,1,42.404656,-83.073714,29.553264
82148,1,42.404428,-83.073531,29.468381
82149,1,42.404194,-83.073362,29.468896
82150,1,42.403957,-83.073199,29.502849
82151,1,42.403719,-83.073037,29.630431
82152,1,42.403480,-83.072875,29.734863
82153,1,42.403241,-83.072712,29.822833
82154,1,42.402999,-83.072554,29.943213
82155,1,42.402759,-83.072395,29.572813
82156,1,42.402521,-83.072234,29.855243
82157,1,42.402282,-83.072073,29.806371
82158,1,42.402043,-83.071913,29.702968
82159,1,42.401803,-83.071752,29.664899
82160,1,42.401564,-83.071590,29.589276
82161,1,42.401327,-83.071427,29.544004
82162,1,42.401091,-83.071265,29.371151
82163,1,42.400856,-83.071103,29.409735
82164,1,42.400620,-83.070943,29.250771
82165,1,42.400383,-83.070782,29.201385
82166,1,42.400147,-83.070624,29.307360
82167,1,42.399910,-83.070465,29.270320
82168,1,42.399674,-83.070305,29.157657
82169,1,42.399439,-83.070146,29.079462
82170,1,42.399203,-83.069988,29.126276
82171,1,42.398967,-83.069831,29.308904
82172,1,42.398730,-83.069672,29.497190
82173,1,42.398491,-83.069512,29.736407
82174,1,42.398252,-83.069350,29.667985
82175,1,42.398014,-83.069191,29.432370
82176,1,42.397777,-83.069035,29.210645
82177,1,42.397539,-83.068890,28.902493
82178,1,42.397300,-83.068760,28.513059
82179,1,42.397059,-83.068647,28.070122
82180,1,42.396819,-83.068554,27.659082
82181,1,42.396573,-83.068479,28.137000
82182,1,42.396327,-83.068415,27.932766
82183,1,42.396081,-83.068373,27.854570
82184,1,42.395831,-83.068345,27.919905
82185,1,42.395578,-83.068335,28.319113
82186,1,42.395330,-83.068338,27.774317
82187,1,42.395080,-83.068359,27.946141
82188,1,42.394832,-83.068395,27.538187
82189,1,42.394582,-83.068467,28.292877
82190,1,42.394336,-83.068544,28.004274
82191,1,42.394097,-83.068629,27.652394
82192,1,42.393860,-83.068727,27.203799
82193,1,42.393629,-83.068830,26.824653
82194,1,42.393402,-83.068936,26.371943
82195,1,42.393181,-83.069040,25.752552
82196,1,42.392957,-83.069128,25.673328
82197,1,42.392744,-83.069226,24.838900
82198,1,42.392531,-83.069322,24.825524
82199,1,42.392324,-83.069421,24.580649
82200,1,42.392111,-83.069515,24.553383
82201,1,42.391897,-83.069610,24.682509
82202,1,42.391683,-83.069698,24.909378
82203,1,42.391465,-83.069773,25.180490
82204,1,42.391242,-83.069836,25.425366
82205,1,42.391015,-83.069888,25.709853
82206,1,42.390786,-83.069929,25.887851
82207,1,42.390554,-83.069956,25.973763
82208,1,42.390320,-83.069968,25.952671
82209,1,42.390088,-83.069965,25.897625
82210,1,42.389857,-83.069949,25.607993
82211,1,42.389630,-83.069922,25.322477
82212,1,42.389404,-83.069881,25.370320
82213,1,42.389179,-83.069826,25.462406
82214,1,42.388954,-83.069758,25.571982
82215,1,42.388731,-83.069678,25.695963
82216,1,42.388511,-83.069583,25.752038
82217,1,42.388293,-83.069473,25.874475
82218,1,42.388079,-83.069350,25.960388
82219,1,42.387867,-83.069216,26.138900
82220,1,42.387653,-83.069078,26.383261
82221,1,42.387438,-83.068940,26.528848
82222,1,42.387224,-83.068800,26.355995
82223,1,42.387012,-83.068660,26.280886
82224,1,42.386799,-83.068520,26.379145
82225,1,42.386585,-83.068380,26.389948
82226,1,42.386369,-83.068238,26.876612
82227,1,42.386159,-83.068096,26.120894
82228,1,42.385950,-83.067953,26.211951
82229,1,42.385743,-83.067811,26.087970
82230,1,42.385532,-83.067671,25.698021
82231,1,42.385326,-83.067535,25.255599
82232,1,42.385124,-83.067399,24.819351
82233,1,42.384926,-83.067266,24.404194
82234,1,42.384730,-83.067137,24.327542
82235,1,42.384532,-83.067005,24.552354
82236,1,42.384333,-83.066872,24.690225
82237,1,42.384132,-83.066737,25.058053
82238,1,42.383927,-83.066600,25.397071
82239,1,42.383721,-83.066462,25.726316
82240,1,42.383511,-83.066321,26.034468
82241,1,42.383299,-83.066179,26.347764
82242,1,42.383086,-83.066035,26.469173
82243,1,42.382872,-83.065892,26.540166
82244,1,42.382658,-83.065748,26.616304
82245,1,42.382442,-83.065606,26.668263
82246,1,42.382226,-83.065461,26.857063
82247,1,42.382009,-83.065317,26.981559
82248,1,42.381791,-83.065170,27.089592
82249,1,42.381573,-83.065023,27.059240
82250,1,42.381357,-83.064876,26.795845
82251,1,42.381142,-83.064731,26.655916
82252,1,42.380927,-83.064588,26.653858
82253,1,42.380713,-83.064443,26.762406
82254,1,42.380497,-83.064298,26.870953
82255,1,42.380280,-83.064152,26.969727
82256,1,42.380064,-83.064006,26.821052
82257,1,42.379849,-83.063863,26.549940
82258,1,42.379638,-83.063721,26.055045
82259,1,42.379434,-83.063584,25.047764
82260,1,42.379235,-83.063450,24.588880
82261,1,42.379038,-83.063318,24.340918
82262,1,42.378842,-83.063186,24.347606
82263,1,42.378645,-83.063052,24.468500
82264,1,42.378448,-83.062918,24.514285
82265,1,42.378265,-83.062790,22.326870
82266,1,42.378081,-83.062649,23.521923
82267,1,42.377875,-83.062512,25.427424
82268,1,42.377660,-83.062371,25.609022
82269,1,42.377443,-83.062234,25.998456
82270,1,42.377225,-83.062092,26.349822
82271,1,42.377009,-83.061948,26.598298
82272,1,42.376793,-83.061801,26.830827
82273,1,42.376575,-83.061655,26.939375
82274,1,42.376358,-83.061511,26.636881
82275,1,42.376142,-83.061368,26.522160
82276,1,42.375926,-83.061225,26.673407
82277,1,42.375711,-83.061082,26.557657
82278,1,42.375497,-83.060939,26.381717
82279,1,42.375285,-83.060796,26.280886
82280,1,42.375073,-83.060654,26.279857
82281,1,42.374862,-83.060517,25.900198
82282,1,42.374658,-83.060378,25.119786
82283,1,42.374455,-83.060248,24.900633
82284,1,42.374246,-83.060140,24.921725
82285,1,42.374043,-83.060049,23.849624
82286,1,42.373843,-83.059965,23.468421
82287,1,42.373634,-83.059892,23.782232
82288,1,42.373422,-83.059831,23.731816
82289,1,42.373208,-83.059778,23.924733
82290,1,42.372991,-83.059733,24.280213
82291,1,42.372770,-83.059690,24.715433
82292,1,42.372546,-83.059649,25.089948
82293,1,42.372318,-83.059607,25.615710
82294,1,42.372087,-83.059563,25.958330
82295,1,42.371856,-83.059517,25.973763
82296,1,42.371621,-83.059462,26.512386
82297,1,42.371388,-83.059407,26.171824
82298,1,42.371158,-83.059343,26.104946
82299,1,42.370927,-83.059269,26.443450
82300,1,42.370700,-83.059186,26.063276
82301,1,42.370478,-83.059090,25.895568
82302,1,42.370249,-83.058985,26.774752
82303,1,42.370016,-83.058878,27.119944
82304,1,42.369782,-83.058768,27.324179
82305,1,42.369547,-83.058658,27.491373
82306,1,42.369309,-83.058547,27.962089
82307,1,42.369070,-83.058435,28.187930
82308,1,42.368832,-83.058326,27.810328
82309,1,42.368597,-83.058215,27.581915
82310,1,42.368364,-83.058102,27.540245
82311,1,42.368127,-83.057987,27.868460
82312,1,42.367886,-83.057870,28.546498
82313,1,42.367643,-83.057756,28.449782
82314,1,42.367402,-83.057641,28.062920
82315,1,42.367164,-83.057530,28.018164
82316,1,42.366928,-83.057428,27.029402
82317,1,42.366689,-83.057319,28.165295
82318,1,42.366447,-83.057205,28.155520
82319,1,42.366207,-83.057093,28.200791
82320,1,42.365966,-83.056979,28.269727
82321,1,42.365724,-83.056865,28.348951
82322,1,42.365481,-83.056751,28.495053
82323,1,42.365237,-83.056636,28.630866
82324,1,42.364990,-83.056519,29.359319
82325,1,42.364743,-83.056404,28.825326
82326,1,42.364497,-83.056289,28.918441
82327,1,42.364248,-83.056175,29.210645
82328,1,42.363999,-83.056057,29.367036
82329,1,42.363749,-83.055941,29.408706
82330,1,42.363498,-83.055824,29.387614
82331,1,42.363248,-83.055706,29.403561
82332,1,42.362998,-83.055589,29.385556
82333,1,42.362749,-83.055473,29.098496
82334,1,42.362506,-83.055359,28.408627
82335,1,42.362269,-83.055248,27.615868
82336,1,42.362036,-83.055139,27.262960
82337,1,42.361807,-83.055032,26.948634
82338,1,42.361581,-83.054919,26.644084
82339,1,42.361361,-83.054799,26.358053
82340,1,42.361142,-83.054674,26.473803
82341,1,42.360925,-83.054542,26.461970
82342,1,42.360706,-83.054406,26.756747
82343,1,42.360490,-83.054260,26.790186
82344,1,42.360276,-83.054117,26.639968
82345,1,42.360065,-83.053975,26.187257
82346,1,42.359855,-83.053839,25.814285
82347,1,42.359648,-83.053701,25.566838
82348,1,42.359443,-83.053564,25.319905
82349,1,42.359240,-83.053430,25.141393
82350,1,42.359037,-83.053298,24.983973
82351,1,42.358835,-83.053167,24.869766
82352,1,42.358635,-83.053033,24.804946
82353,1,42.358433,-83.052899,24.962366
82354,1,42.358229,-83.052763,25.354887
82355,1,42.358021,-83.052627,25.809141
82356,1,42.357811,-83.052487,26.107004
82357,1,42.357599,-83.052345,26.349822
82358,1,42.357385,-83.052203,26.460942
82359,1,42.357171,-83.052063,26.418757
82360,1,42.356956,-83.051922,26.645113
82361,1,42.356739,-83.051780,26.845746
82362,1,42.356521,-83.051638,26.908508
82363,1,42.356304,-83.051492,26.958923
82364,1,42.356088,-83.051348,26.558686
82365,1,42.355873,-83.051206,26.616818
82366,1,42.355657,-83.051064,26.614246
82367,1,42.355443,-83.050921,26.555085
82368,1,42.355229,-83.050778,26.376573
82369,1,42.355018,-83.050639,25.960388
82370,1,42.354809,-83.050501,25.784448
82371,1,42.354602,-83.050361,25.761812
82372,1,42.354394,-83.050225,25.695963
82373,1,42.354184,-83.050090,25.812742
82374,1,42.353974,-83.049953,25.966046
82375,1,42.353763,-83.049813,26.165651
82376,1,42.353553,-83.049672,26.175940
82377,1,42.353340,-83.049529,26.668263
82378,1,42.353122,-83.049385,27.018599
82379,1,42.352902,-83.049239,27.349386
82380,1,42.352681,-83.049093,27.516066
82381,1,42.352458,-83.048944,27.599921
82382,1,42.352234,-83.048795,27.717214
82383,1,42.352010,-83.048646,27.821132
82384,1,42.351784,-83.048497,28.035655
82385,1,42.351556,-83.048346,28.276414
82386,1,42.351327,-83.048195,28.292362
82387,1,42.351104,-83.048034,28.128255
82388,1,42.350869,-83.047879,29.005382
82389,1,42.350637,-83.047725,28.809893
82390,1,42.350405,-83.047573,28.990463
82391,1,42.350170,-83.047420,29.059913
82392,1,42.349934,-83.047265,29.106213
82393,1,42.349700,-83.047109,28.869054
82394,1,42.349468,-83.046956,28.514088
82395,1,42.349238,-83.046805,28.320657
82396,1,42.349011,-83.046656,27.971864
82397,1,42.348786,-83.046510,27.671943
82398,1,42.348563,-83.046364,27.384369
82399,1,42.348342,-83.046219,27.260388
82400,1,42.348121,-83.046073,27.420380
82401,1,42.347897,-83.045928,27.667313
82402,1,42.347676,-83.045778,27.391571
82403,1,42.347458,-83.045631,26.922912
82404,1,42.347242,-83.045488,26.502097
82405,1,42.347028,-83.045350,26.158963
82406,1,42.346818,-83.045213,25.735576
82407,1,42.346611,-83.045078,25.509220
82408,1,42.346405,-83.044943,25.365690
82409,1,42.346200,-83.044815,25.017412
82410,1,42.345994,-83.044697,24.791056
82411,1,42.345783,-83.044590,25.051879
82412,1,42.345567,-83.044498,25.370320
82413,1,42.345344,-83.044415,25.793708
82414,1,42.345115,-83.044346,26.242817
82415,1,42.344879,-83.044289,26.746972
82416,1,42.344637,-83.044239,27.503205
82417,1,42.344395,-83.044191,27.046893
82418,1,42.344155,-83.044145,26.995449
82419,1,42.343917,-83.044103,26.531420
82420,1,42.343682,-83.044066,26.266996
82421,1,42.343444,-83.044024,26.816422
82422,1,42.343220,-83.043955,25.325564
82423,1,42.342997,-83.043904,25.160942
82424,1,42.342776,-83.043852,24.858963
82425,1,42.342561,-83.043791,24.472616
82426,1,42.342349,-83.043717,24.213336
82427,1,42.342141,-83.043631,24.158290
82428,1,42.341938,-83.043534,23.919588
82429,1,42.341737,-83.043427,24.228769
82430,1,42.341537,-83.043304,24.491650
82431,1,42.341337,-83.043165,24.854847
82432,1,42.341138,-83.043016,25.274119
82433,1,42.340942,-83.042855,25.588445
82434,1,42.340748,-83.042682,25.978393
82435,1,42.340555,-83.042498,26.525762
82436,1,42.340362,-83.042300,27.067471
82437,1,42.340175,-83.042086,27.294341
82438,1,42.339987,-83.041857,28.152948
82439,1,42.339800,-83.041628,28.084527
82440,1,42.339619,-83.041382,28.656589
82441,1,42.339445,-83.041137,28.196676
82442,1,42.339271,-83.040896,27.868460
82443,1,42.339097,-83.040660,27.580886
82444,1,42.338920,-83.040432,27.376137
82445,1,42.338736,-83.040214,27.223862
82446,1,42.338545,-83.040007,27.143094
82447,1,42.338348,-83.039812,27.206885
82448,1,42.338143,-83.039628,27.354016
82449,1,42.337933,-83.039456,27.523268
82450,1,42.337716,-83.039296,27.704353
82451,1,42.337495,-83.039147,27.428096
82452,1,42.337275,-83.039005,27.100910
82453,1,42.337058,-83.038864,26.829798
82454,1,42.336843,-83.038721,26.544796
82455,1,42.336630,-83.038581,26.209378
82456,1,42.336420,-83.038448,25.716541
82457,1,42.336206,-83.038305,26.578749
82458,1,42.335989,-83.038160,27.109141
82459,1,42.335774,-83.038009,26.779382
82460,1,42.335557,-83.037846,27.492916
82461,1,42.335336,-83.037699,27.492402
82462,1,42.335114,-83.037556,27.357103
82463,1,42.334895,-83.037413,27.289196
82464,1,42.334675,-83.037275,27.205856
82465,1,42.334456,-83.037132,26.852948
82466,1,42.334240,-83.036988,26.434705
82467,1,42.334026,-83.036847,26.063791
82468,1,42.333818,-83.036710,25.659438
82469,1,42.333613,-83.036577,25.043648
82470,1,42.333413,-83.036448,24.369727
82471,1,42.333233,-83.036330,22.340245
82472,1,42.333067,-83.036243,20.052513
82473,1,42.332908,-83.036175,18.695924
82474,1,42.332746,-83.036137,18.335813
82475,1,42.332590,-83.036135,17.185516
82476,1,42.332432,-83.036137,17.453542
82477,1,42.332278,-83.036188,17.642343
82478,1,42.332147,-83.036305,17.132529
82479,1,42.332024,-83.036439,17.112465
82480,1,42.331921,-83.036597,17.266798
82481,1,42.331833,-83.036778,17.253937
82482,1,42.331765,-83.036968,17.035299
82483,1,42.331707,-83.037164,16.481242
82484,1,42.331659,-83.037346,15.846933
82485,1,42.331613,-83.037530,15.803205
82486,1,42.331565,-83.037712,15.846419
82487,1,42.331515,-83.037894,15.862366
82488,1,42.331464,-83.038071,15.472418
82489,1,42.331414,-83.038243,15.074753
82490,1,42.331362,-83.038406,14.231064
82491,1,42.331314,-83.038555,12.912030
82492,1,42.331271,-83.038686,11.321369
82493,1,42.331234,-83.038801,9.999248
82494,1,42.331200,-83.038906,9.236842
82495,1,42.331168,-83.039006,8.834032
82496,1,42.331136,-83.039099,8.346854
82497,1,42.331104,-83.039186,7.974911
82498,1,42.331072,-83.039269,7.556153
82499,1,42.331041,-83.039344,6.725326
82500,1,42.331016,-83.039403,5.131064
82501,1,42.331001,-83.039444,3.154056
82502,1,42.330994,-83.039466,1.555679
82503,1,42.330991,-83.039477,0.735140
82504,1,42.330987,-83.039486,0.775782
82505,1,42.330984,-83.039493,0.591096
82506,1,42.330982,-83.039500,0.580807
82507,1,42.330980,-83.039504,0.312782
82508,1,42.330979,-83.039507,0.183657
82509,1,42.330978,-83.039508,0.141987
82510,1,42.330977,-83.039509,0.006173
82511,1,42.330977,-83.039509,0.005144
82512,1,42.330976,-83.039509,0.009260
82513,1,42.330976,-83.039509,0.018006
82514,1,42.330976,-83.039509,0.021092
82515,1,42.330975,-83.039509,0.015433
82516,1,42.330975,-83.039508,0.008231
82517,1,42.330977,-83.039509,0.010803
82518,1,42.330978,-83.039510,0.008746
82519,1,42.330980,-83.039510,0.011318
82520,1,42.330981,-83.039511,0.031381
82521,1,42.330980,-83.039512,0.008231
82522,1,42.330979,-83.039514,0.167194
82523,1,42.330976,-83.039519,0.545825
82524,1,42.330971,-83.039531,1.393114
82525,1,42.330962,-83.039554,2.508943
82526,1,42.330948,-83.039589,3.554294
82527,1,42.330931,-83.039628,3.808943
82528,1,42.330913,-83.039670,4.100633
82529,1,42.330892,-83.039717,4.628967
82530,1,42.330868,-83.039771,5.334270
82531,1,42.330844,-83.039828,5.400119
82532,1,42.330819,-83.039892,6.166640
82533,1,42.330790,-83.039973,7.890542
82534,1,42.330760,-83.040075,9.621132
82535,1,42.330725,-83.040193,10.776058
82536,1,42.330688,-83.040317,11.079580
82537,1,42.330648,-83.040437,10.772457
82538,1,42.330606,-83.040542,9.400435
82539,1,42.330569,-83.040635,8.432766
82540,1,42.330539,-83.040722,7.712544
82541,1,42.330512,-83.040801,6.932133
82542,1,42.330490,-83.040873,6.083815
82543,1,42.330473,-83.040932,4.793589
82544,1,42.330464,-83.040982,4.052275
82545,1,42.330467,-83.041029,3.883538
82546,1,42.330483,-83.041067,3.798140
82547,1,42.330512,-83.041095,4.087258
82548,1,42.330547,-83.041119,4.643886
82549,1,42.330572,-83.041118,2.866482
82550,1,42.330624,-83.041137,5.562169
82551,1,42.330674,-83.041174,6.617808
82552,1,42.330735,-83.041199,6.717095
82553,1,42.330805,-83.041255,6.799406
82554,1,42.330858,-83.041313,6.503087
82555,1,42.330899,-83.041362,4.900594
82556,1,42.330901,-83.041417,2.236288
82557,1,42.330894,-83.041442,0.097230
82558,1,42.330892,-83.041456,0.264424
82559,1,42.330887,-83.041440,0.281915
82560,1,42.330885,-83.041435,0.371943
82561,1,42.330888,-83.041439,0.102374
82562,1,42.330885,-83.041436,0.149703
82563,1,42.330887,-83.041435,0.034982
82564,1,42.330888,-83.041435,0.138385
82565,1,42.330890,-83.041429,0.150218
82566,1,42.330891,-83.041431,0.051959
82567,1,42.330892,-83.041430,0.069450
82568,1,42.330894,-83.041432,0.019549
82569,1,42.330894,-83.041430,0.029323
82570,1,42.330894,-83.041430,0.035497
82571,1,42.330894,-83.041432,0.037554
82572,1,42.330894,-83.041431,0.021607
82573,1,42.330895,-83.041430,0.025722
82574,1,42.330895,-83.041425,0.007717
82575,1,42.330895,-83.041424,0.177483
82576,1,42.330895,-83.041420,0.058132
82577,1,42.330895,-83.041417,0.002572
82578,1,42.330895,-83.041412,0.022121
82579,1,42.330896,-83.041404,0.120380
82580,1,42.330896,-83.041396,0.030352
82581,1,42.330896,-83.041391,0.084369
82582,1,42.330896,-83.041385,0.175940
82583,1,42.330896,-83.041381,0.173882
82584,1,42.330896,-83.041371,0.146617
82585,1,42.330896,-83.041356,0.439335
82586,1,42.330895,-83.041359,0.149703
82587,1,42.330897,-83.041346,0.174911
82588,1,42.330897,-83.041331,0.059676
82589,1,42.330896,-83.041325,0.068935
82590,1,42.330896,-83.041319,0.042699
82591,1,42.330894,-83.041313,0.040127
82592,1,42.330892,-83.041310,0.048872
82593,1,42.330890,-83.041304,0.117808
82594,1,42.330888,-83.041301,0.101345
82595,1,42.330886,-83.041295,0.076138
82596,1,42.330885,-83.041295,0.177483
82597,1,42.330894,-83.041300,1.208943
82598,1,42.330918,-83.041313,2.678710
82599,1,42.330953,-83.041329,4.071310
82600,1,42.330996,-83.041352,5.214919
82601,1,42.331045,-83.041377,6.003047
82602,1,42.331100,-83.041411,6.912070
82603,1,42.331164,-83.041446,7.845785
82604,1,42.331234,-83.041487,8.543886
82605,1,42.331306,-83.041529,8.971903
82606,1,42.331377,-83.041572,8.634428
82607,1,42.331446,-83.041613,8.348912
82608,1,42.331513,-83.041655,8.124614
82609,1,42.331576,-83.041694,7.556668
82610,1,42.331629,-83.041729,6.150692
82611,1,42.331666,-83.041758,4.150534
82612,1,42.331686,-83.041784,2.361812
82613,1,42.331695,-83.041788,1.176019
82614,1,42.331699,-83.041787,0.418243
82615,1,42.331699,-83.041794,0.021607
82616,1,42.331699,-83.041798,0.126039
82617,1,42.331699,-83.041806,0.046814
82618,1,42.331698,-83.041812,0.020578
82619,1,42.331698,-83.041818,0.081282
82620,1,42.331697,-83.041823,0.064820
82621,1,42.331697,-83.041827,0.069450
82622,1,42.331697,-83.041832,0.075623
82623,1,42.331696,-83.041839,0.082311
82624,1,42.331695,-83.041842,0.018006
82625,1,42.331695,-83.041842,0.036011
82626,1,42.331694,-83.041843,0.016977
82627,1,42.331694,-83.041845,0.100831
82628,1,42.331693,-83.041847,0.082311
82629,1,42.331692,-83.041849,0.024693
82630,1,42.331692,-83.041849,0.013890
82631,1,42.331692,-83.041848,0.057103
82632,1,42.331691,-83.041848,0.076138
82633,1,42.331691,-83.041844,0.012347
82634,1,42.331691,-83.041840,0.036011
82635,1,42.331691,-83.041835,0.065849
82636,1,42.331691,-83.041832,0.057103
82637,1,42.331692,-83.041828,0.059161
82638,1,42.331692,-83.041827,0.009260
82639,1,42.331692,-83.041826,0.078195
82640,1,42.331692,-83.041826,0.042699
82641,1,42.331692,-83.041828,0.070993
82642,1,42.331697,-83.041828,0.820538
82643,1,42.331709,-83.041842,1.868975
82644,1,42.331727,-83.041860,2.597942
82645,1,42.331739,-83.041895,3.504907
82646,1,42.331737,-83.041950,4.400040
82647,1,42.331721,-83.042025,5.991729
82648,1,42.331692,-83.042098,6.954254
82649,1,42.331656,-83.042176,7.737752
82650,1,42.331620,-83.042262,8.420419
82651,1,42.331581,-83.042351,8.609735
82652,1,42.331542,-83.042440,8.475979
82653,1,42.331506,-83.042520,7.658528
82654,1,42.331474,-83.042591,6.595687
82655,1,42.331447,-83.042646,5.157301
82656,1,42.331426,-83.042682,3.427226
82657,1,42.331417,-83.042702,1.501148
82658,1,42.331414,-83.042710,0.437792
82659,1,42.331414,-83.042712,0.147131
82660,1,42.331413,-83.042712,0.242818
82661,1,42.331413,-83.042715,0.169767
82662,1,42.331413,-83.042718,0.031381
82663,1,42.331415,-83.042720,0.004116
82664,1,42.331415,-83.042722,0.011318
82665,1,42.331416,-83.042723,0.037554
82666,1,42.331417,-83.042726,0.042699
82667,1,42.331418,-83.042728,0.021607
82668,1,42.331419,-83.042729,0.025722
82669,1,42.331420,-83.042731,0.050930
82670,1,42.331420,-83.042732,0.088484
82671,1,42.331421,-83.042732,0.109062
82672,1,42.331423,-83.042733,0.033439
82673,1,42.331424,-83.042734,0.047843
82674,1,42.331425,-83.042734,0.023150
82675,1,42.331425,-83.042736,0.112149
82676,1,42.331423,-83.042741,0.561258
82677,1,42.331417,-83.042754,1.527899
82678,1,42.331403,-83.042780,3.007440
82679,1,42.331378,-83.042817,4.332647
82680,1,42.331351,-83.042870,5.453621
82681,1,42.331322,-83.042930,5.921250
82682,1,42.331294,-83.042996,6.213969
82683,1,42.331264,-83.043060,6.439810
82684,1,42.331236,-83.043135,6.905896
82685,1,42.331213,-83.043229,7.371983
82686,1,42.331188,-83.043327,7.768104
82687,1,42.331155,-83.043411,7.944044
82688,1,42.331121,-83.043499,8.274832
82689,1,42.331086,-83.043589,8.538227
82690,1,42.331048,-83.043674,8.335022
82691,1,42.331012,-83.043762,8.195093
82692,1,42.330978,-83.043849,7.963593
82693,1,42.330952,-83.043950,8.079343
82694,1,42.330917,-83.044037,8.292837
82695,1,42.330875,-83.044121,8.446142
82696,1,42.330830,-83.044206,8.732172
82697,1,42.330786,-83.044295,8.992996
82698,1,42.330742,-83.044389,9.206490
82699,1,42.330702,-83.044486,9.086624
82700,1,42.330654,-83.044569,8.711080
82701,1,42.330606,-83.044646,8.633399
82702,1,42.330572,-83.044735,8.139533
82703,1,42.330535,-83.044817,7.820063
82704,1,42.330494,-83.044887,7.725920
82705,1,42.330449,-83.044962,8.001148
82706,1,42.330422,-83.045059,8.538227
82707,1,42.330410,-83.045174,9.377800
82708,1,42.330386,-83.045283,9.804788
82709,1,42.330341,-83.045376,9.274396
82710,1,42.330271,-83.045450,9.432845
82711,1,42.330210,-83.045530,9.657143
82712,1,42.330176,-83.045638,9.681322
82713,1,42.330132,-83.045755,10.534784
82714,1,42.330081,-83.045872,10.895409
82715,1,42.330033,-83.045991,11.237000
82716,1,42.329973,-83.046115,11.772022
82717,1,42.329927,-83.046246,11.471072
82718,1,42.329884,-83.046380,11.364582
82719,1,42.329837,-83.046505,11.104788
82720,1,42.329786,-83.046626,11.108904
82721,1,42.329740,-83.046747,11.214365
82722,1,42.329682,-83.046867,11.688168
82723,1,42.329625,-83.046992,11.941274
82724,1,42.329562,-83.047114,12.168658
82725,1,42.329516,-83.047250,11.932529
82726,1,42.329460,-83.047372,11.566244
82727,1,42.329412,-83.047496,11.204590
82728,1,42.329379,-83.047630,11.010130
82729,1,42.329357,-83.047770,10.882034
82730,1,42.329314,-83.047883,10.628413
82731,1,42.329255,-83.047978,10.227147
82732,1,42.329210,-83.048084,9.885041
82733,1,42.329174,-83.048195,9.746142
82734,1,42.329128,-83.048292,9.370597
82735,1,42.329081,-83.048386,9.103601
82736,1,42.329036,-83.048475,8.743490
82737,1,42.329000,-83.048565,8.028928
82738,1,42.328970,-83.048647,7.083379
82739,1,42.328941,-83.048719,6.284448
82740,1,42.328918,-83.048783,5.441274
82741,1,42.328896,-83.048834,4.467432
82742,1,42.328883,-83.048883,3.860902
82743,1,42.328869,-83.048910,2.324258
82744,1,42.328869,-83.048930,1.065414
82745,1,42.328871,-83.048940,0.448081
82746,1,42.328874,-83.048946,0.083340
82747,1,42.328874,-83.048948,0.161535
82748,1,42.328875,-83.048950,0.050416
82749,1,42.328876,-83.048953,0.051959
82750,1,42.328878,-83.048955,0.044242
82751,1,42.328877,-83.048955,0.065334
82752,1,42.328877,-83.048956,0.051444
82753,1,42.328878,-83.048957,0.010289
82754,1,42.328882,-83.048962,0.029838
82755,1,42.328887,-83.048969,0.032410
82756,1,42.328887,-83.048969,0.095687
82757,1,42.328887,-83.048969,0.098259
82758,1,42.328886,-83.048970,0.111120
82759,1,42.328887,-83.048971,0.021607
82760,1,42.328888,-83.048973,0.061733
82761,1,42.328890,-83.048975,0.056074
82762,1,42.328893,-83.048979,0.081282
82763,1,42.328898,-83.048985,0.083340
82764,1,42.328906,-83.048994,0.066878
82765,1,42.328909,-83.048996,0.012347
82766,1,42.328907,-83.048995,0.104432
82767,1,42.328906,-83.048994,0.079224
82768,1,42.328908,-83.048996,0.032410
82769,1,42.328910,-83.048998,0.067392
82770,1,42.328913,-83.049002,0.318955
82771,1,42.328916,-83.049005,0.059676
82772,1,42.328918,-83.049009,0.148674
82773,1,42.328918,-83.049018,0.703245
82774,1,42.328909,-83.049035,2.059834
82775,1,42.328897,-83.049067,3.188524
82776,1,42.328874,-83.049102,4.038385
82777,1,42.328845,-83.049143,4.870756
82778,1,42.328801,-83.049173,5.263791
82779,1,42.328746,-83.049187,5.739137
82780,1,42.328677,-83.049166,6.757736
82781,1,42.328612,-83.049130,7.460981
82782,1,42.328545,-83.049081,7.815948
82783,1,42.328480,-83.049028,7.882311
82784,1,42.328421,-83.048981,7.167748
82785,1,42.328362,-83.048934,6.980491
82786,1,42.328304,-83.048890,6.817926
82787,1,42.328251,-83.048849,5.999446
82788,1,42.328208,-83.048816,4.793589
82789,1,42.328181,-83.048801,2.461615
82790,1,42.328162,-83.048796,1.481084
82791,1,42.328145,-83.048793,1.585002
82792,1,42.328128,-83.048792,1.621013
82793,1,42.328110,-83.048785,1.792837
82794,1,42.328092,-83.048776,1.752711
82795,1,42.328078,-83.048765,1.191967
82796,1,42.328073,-83.048761,0.396636
82797,1,42.328071,-83.048759,0.123467
82798,1,42.328069,-83.048757,0.013376
82799,1,42.328069,-83.048756,0.012861
82800,1,42.328068,-83.048754,0.012347
82801,1,42.328066,-83.048752,0.042184
82802,1,42.328064,-83.048751,0.064820
82803,1,42.328062,-83.048750,0.167709
82804,1,42.328052,-83.048743,1.328809
82805,1,42.328033,-83.048724,2.883973
82806,1,42.328003,-83.048693,4.343451
82807,1,42.327965,-83.048653,5.656826
82808,1,42.327917,-83.048605,6.460902
82809,1,42.327864,-83.048554,7.196557
82810,1,42.327807,-83.048501,7.769133
82811,1,42.327746,-83.048443,8.333993
82812,1,42.327680,-83.048382,8.830946
82813,1,42.327616,-83.048325,8.295409
82814,1,42.327562,-83.048276,6.943965
82815,1,42.327517,-83.048234,5.647566
82816,1,42.327485,-83.048206,3.574357
82817,1,42.327471,-83.048195,1.271706
82818,1,42.327469,-83.048193,0.134270
82819,1,42.327470,-83.048193,0.023150
82820,1,42.327471,-83.048192,0.034982
82821,1,42.327472,-83.048192,0.019549
82822,1,42.327472,-83.048193,0.017491
82823,1,42.327473,-83.048193,0.009774
82824,1,42.327473,-83.048192,0.010803
82825,1,42.327473,-83.048192,0.013890
82826,1,42.327474,-83.048192,0.018520
82827,1,42.327474,-83.048192,0.024693
82828,1,42.327473,-83.048191,0.005659
82829,1,42.327473,-83.048191,0.015948
82830,1,42.327474,-83.048191,0.013376
82831,1,42.327474,-83.048190,0.005659
82832,1,42.327475,-83.048190,0.010289
82833,1,42.327476,-83.048190,0.008231
82834,1,42.327477,-83.048191,0.014919
82835,1,42.327478,-83.048191,0.004116
82836,1,42.327479,-83.048192,0.006173
82837,1,42.327480,-83.048192,0.018006
82838,1,42.327481,-83.048192,0.006688
82839,1,42.327482,-83.048192,0.007717
82840,1,42.327483,-83.048192,0.008231
82841,1,42.327483,-83.048192,0.004116
82842,1,42.327482,-83.048190,0.012861
82843,1,42.327481,-83.048189,0.011318
82844,1,42.327481,-83.048188,0.009774
82845,1,42.327480,-83.048187,0.009260
82846,1,42.327479,-83.048186,0.001543
82847,1,42.327479,-83.048185,0.006688
82848,1,42.327478,-83.048184,0.007717
82849,1,42.327478,-83.048184,0.008746
82850,1,42.327478,-83.048183,0.011832
82851,1,42.327476,-83.048182,0.282430
82852,1,42.327470,-83.048177,1.002651
82853,1,42.327452,-83.048163,2.644242
82854,1,42.327422,-83.048137,4.435536
82855,1,42.327379,-83.048102,6.015908
82856,1,42.327327,-83.048059,6.974832
82857,1,42.327270,-83.048014,7.413138
82858,1,42.327215,-83.047971,6.896122
82859,1,42.327170,-83.047936,5.475227
82860,1,42.327139,-83.047913,3.392758
82861,1,42.327123,-83.047900,1.693550
82862,1,42.327110,-83.047887,1.713099
82863,1,42.327095,-83.047868,2.296478
82864,1,42.327081,-83.047839,3.032133
82865,1,42.327070,-83.047799,3.730748
82866,1,42.327071,-83.047746,4.665493
82867,1,42.327084,-83.047686,5.501464
82868,1,42.327106,-83.047619,6.249466
82869,1,42.327135,-83.047548,7.045825
82870,1,42.327170,-83.047471,7.696082
82871,1,42.327208,-83.047387,8.335536
82872,1,42.327248,-83.047296,8.885991
82873,1,42.327290,-83.047201,9.350534
82874,1,42.327333,-83.047100,9.713217
82875,1,42.327378,-83.046996,10.011080
82876,1,42.327424,-83.046890,10.303799
82877,1,42.327470,-83.046784,10.125287
82878,1,42.327516,-83.046678,10.091848
82879,1,42.327563,-83.046567,10.732845
82880,1,42.327613,-83.046448,11.516858
82881,1,42.327668,-83.046325,12.007123
82882,1,42.327724,-83.046201,11.986031
82883,1,42.327779,-83.046082,11.385160
82884,1,42.327829,-83.045969,10.693233
82885,1,42.327874,-83.045862,9.935457
82886,1,42.327913,-83.045765,8.821171
82887,1,42.327947,-83.045681,7.577246
82888,1,42.327975,-83.045612,6.065295
82889,1,42.327996,-83.045559,4.465374
82890,1,42.328010,-83.045524,2.831500
82891,1,42.328017,-83.045506,1.270677
82892,1,42.328020,-83.045498,0.490780
82893,1,42.328020,-83.045494,0.262881
82894,1,42.328020,-83.045493,0.014919
82895,1,42.328020,-83.045492,0.009774
82896,1,42.328020,-83.045492,0.041670
82897,1,42.328019,-83.045491,0.009774
82898,1,42.328019,-83.045491,0.006688
82899,1,42.328019,-83.045490,0.048872
82900,1,42.328018,-83.045490,0.006173
82901,1,42.328018,-83.045489,0.002572
82902,1,42.328018,-83.045489,0.008231
82903,1,42.328017,-83.045489,0.005144
82904,1,42.328017,-83.045488,0.004116
82905,1,42.328017,-83.045487,0.008231
82906,1,42.328016,-83.045487,0.005144
82907,1,42.328016,-83.045486,0.008231
82908,1,42.328016,-83.045486,0.008231
82909,1,42.328015,-83.045486,0.014919
82910,1,42.328015,-83.045486,0.011832
82911,1,42.328015,-83.045486,0.018520
82912,1,42.328015,-83.045485,0.007202
82913,1,42.328015,-83.045485,0.004630
82914,1,42.328014,-83.045485,0.025722
82915,1,42.328016,-83.045480,0.620419
82916,1,42.328023,-83.045460,2.274357
82917,1,42.328039,-83.045423,4.057934
82918,1,42.328062,-83.045371,5.570914
82919,1,42.328096,-83.045309,6.713494
82920,1,42.328132,-83.045232,7.852988
82921,1,42.328169,-83.045141,8.879818
82922,1,42.328208,-83.045039,9.763118
82923,1,42.328251,-83.044929,10.534270
82924,1,42.328299,-83.044813,11.145944
82925,1,42.328348,-83.044692,11.459755
82926,1,42.328399,-83.044567,11.904749
82927,1,42.328453,-83.044439,12.186664
82928,1,42.328508,-83.044309,12.468065
82929,1,42.328565,-83.044177,12.583815
82930,1,42.328622,-83.044047,12.350772
82931,1,42.328676,-83.043920,12.008152
82932,1,42.328728,-83.043801,11.121250
82933,1,42.328774,-83.043694,9.740997
82934,1,42.328813,-83.043603,8.160111
82935,1,42.328842,-83.043528,6.539612
82936,1,42.328853,-83.043460,5.510210
82937,1,42.328841,-83.043399,5.361021
82938,1,42.328810,-83.043355,5.193827
82939,1,42.328771,-83.043322,5.350218
82940,1,42.328726,-83.043290,6.006134
82941,1,42.328675,-83.043253,6.785002
82942,1,42.328619,-83.043210,7.540720
82943,1,42.328556,-83.043161,8.392639
82944,1,42.328485,-83.043108,9.341274
82945,1,42.328408,-83.043051,10.195766
82946,1,42.328325,-83.042988,10.743648
82947,1,42.328239,-83.042923,10.999842
82948,1,42.328151,-83.042856,11.391333
82949,1,42.328061,-83.042788,11.530748
82950,1,42.327972,-83.042722,11.298734
82951,1,42.327884,-83.042659,11.037396
82952,1,42.327798,-83.042597,11.008073
82953,1,42.327712,-83.042536,10.764741
82954,1,42.327631,-83.042479,10.160269
82955,1,42.327555,-83.042424,9.225010
82956,1,42.327489,-83.042375,7.965651
82957,1,42.327438,-83.042335,6.176415
82958,1,42.327401,-83.042307,4.039929
82959,1,42.327381,-83.042293,1.932252
82960,1,42.327366,-83.042285,1.713613
82961,1,42.327349,-83.042282,1.930708
82962,1,42.327331,-83.042284,2.019193
82963,1,42.327313,-83.042290,2.044915
82964,1,42.327295,-83.042307,2.651959
82965,1,42.327276,-83.042334,3.367036
82966,1,42.327254,-83.042371,4.073368
82967,1,42.327233,-83.042419,4.934032
82968,1,42.327213,-83.042480,5.723190
82969,1,42.327193,-83.042551,6.397626
82970,1,42.327173,-83.042630,7.100356
82971,1,42.327152,-83.042717,7.726434
82972,1,42.327129,-83.042806,7.743926
82973,1,42.327108,-83.042895,7.707914
82974,1,42.327090,-83.042984,7.541235
82975,1,42.327072,-83.043069,7.177523
82976,1,42.327056,-83.043140,5.978354
82977,1,42.327056,-83.043213,6.059121
82978,1,42.327068,-83.043281,5.903245
82979,1,42.327097,-83.043371,6.779343
82980,1,42.327108,-83.043447,6.597744
82981,1,42.327103,-83.043555,7.738267
82982,1,42.327089,-83.043677,8.809854
82983,1,42.327074,-83.043716,5.733993
82984,1,42.327027,-83.043804,7.273209
82985,1,42.326971,-83.043897,8.375148
82986,1,42.326940,-83.044004,8.456945
82987,1,42.326904,-83.044127,10.346498
82988,1,42.326852,-83.044259,11.689711
82989,1,42.326804,-83.044373,10.383538
82990,1,42.326745,-83.044496,11.211793
82991,1,42.326688,-83.044628,10.966917
82992,1,42.326639,-83.044740,9.149901
82993,1,42.326530,-83.044885,11.204590
82994,1,42.326468,-83.045092,11.040483
82995,1,42.326394,-83.045243,11.510684
82996,1,42.326328,-83.045367,11.908864
82997,1,42.326260,-83.045499,11.942817
82998,1,42.326187,-83.045623,11.839929
82999,1,42.326121,-83.045745,11.964939
83000,1,42.326058,-83.045864,12.053937
83001,1,42.326000,-83.045993,12.273605
83002,1,42.325947,-83.046131,12.606450
83003,1,42.325898,-83.046273,12.897111
83004,1,42.325851,-83.046419,13.127582
83005,1,42.325803,-83.046570,13.540681
83006,1,42.325755,-83.046721,13.374001
83007,1,42.325710,-83.046870,13.098773
83008,1,42.325672,-83.047019,12.773130
83009,1,42.325636,-83.047164,12.485041
83010,1,42.325599,-83.047294,11.088326
83011,1,42.325550,-83.047410,11.390305
83012,1,42.325504,-83.047530,11.230313
83013,1,42.325445,-83.047643,11.721607
83014,1,42.325388,-83.047758,11.469015
83015,1,42.325328,-83.047906,13.300435
83016,1,42.325270,-83.048068,14.255243
83017,1,42.325214,-83.048237,14.633360
83018,1,42.325155,-83.048391,14.260902
83019,1,42.325098,-83.048565,14.538702
83020,1,42.325041,-83.048727,14.116343
83021,1,42.324991,-83.048898,14.878235
83022,1,42.324934,-83.049097,14.703324
83023,1,42.324956,-83.049289,13.422358
83024,1,42.324969,-83.049439,13.770637
83025,1,42.324939,-83.049588,13.873011
83026,1,42.324900,-83.049741,13.965097
83027,1,42.324856,-83.049895,13.785041
83028,1,42.324809,-83.050047,13.369371
83029,1,42.324763,-83.050197,13.063276
83030,1,42.324723,-83.050343,12.714998
83031,1,42.324687,-83.050487,12.347170
83032,1,42.324662,-83.050631,12.290582
83033,1,42.324646,-83.050775,12.182548
83034,1,42.324644,-83.050923,12.295726
83035,1,42.324650,-83.051075,12.243767
83036,1,42.324665,-83.051225,12.089948
83037,1,42.324674,-83.051368,12.140878
83038,1,42.324691,-83.051516,12.253027
83039,1,42.324712,-83.051670,12.022042
83040,1,42.324731,-83.051810,10.606292
83041,1,42.324746,-83.051926,9.021804
83042,1,42.324765,-83.052026,7.877167
83043,1,42.324779,-83.052116,6.938306
83044,1,42.324795,-83.052185,5.686150
83045,1,42.324838,-83.052235,6.449070
83046,1,42.324891,-83.052270,6.383221
83047,1,42.324943,-83.052296,6.168698
83048,1,42.324993,-83.052320,6.435180
83049,1,42.325045,-83.052348,6.677998
83050,1,42.325105,-83.052384,7.642580
83051,1,42.325168,-83.052425,8.131302
83052,1,42.325239,-83.052464,8.341195
83053,1,42.325308,-83.052504,8.346339
83054,1,42.325380,-83.052539,8.210012
83055,1,42.325451,-83.052559,7.273724
83056,1,42.325501,-83.052568,5.672260
83057,1,42.325545,-83.052574,4.054848
83058,1,42.325567,-83.052578,2.162208
83059,1,42.325577,-83.052582,0.747487
83060,1,42.325586,-83.052587,0.995449
83061,1,42.325594,-83.052589,0.948635
83062,1,42.325602,-83.052590,0.829798
83063,1,42.325613,-83.052594,1.041235
83064,1,42.325632,-83.052601,1.969806
83065,1,42.325657,-83.052594,2.965255
83066,1,42.325691,-83.052578,4.067709
83067,1,42.325721,-83.052538,4.887218
83068,1,42.325751,-83.052483,6.071983
83069,1,42.325783,-83.052414,7.144598
83070,1,42.325816,-83.052329,8.322161
83071,1,42.325856,-83.052231,9.673605
83072,1,42.325900,-83.052122,11.173724
83073,1,42.325945,-83.051994,12.226276
83074,1,42.325985,-83.051851,13.125524
83075,1,42.326019,-83.051693,13.803561
83076,1,42.326048,-83.051526,14.467194
83077,1,42.326072,-83.051349,15.200791
83078,1,42.326094,-83.051165,15.430748
83079,1,42.326104,-83.050997,13.856549
83080,1,42.326106,-83.050827,13.972299
83082,1,42.326134,-83.050391,18.325010
83095,1,42.327752,-83.047502,19.067867
83096,1,42.327686,-83.047261,18.034349
83097,1,42.327609,-83.047038,17.331104
83098,1,42.327626,-83.046844,15.907637
83099,1,42.327678,-83.046682,14.181678
83100,1,42.327732,-83.046539,12.692362
83101,1,42.327768,-83.046402,11.253977
83102,1,42.327801,-83.046290,9.389632
83103,1,42.327834,-83.046205,7.323625
83104,1,42.327857,-83.046140,5.221092
83105,1,42.327874,-83.046094,3.769846
83106,1,42.327884,-83.046069,1.776890
83107,1,42.327887,-83.046058,0.551998
83108,1,42.327889,-83.046053,0.195489
83109,1,42.327890,-83.046049,0.105975
83110,1,42.327888,-83.046043,0.168738
83111,1,42.327888,-83.046041,0.181599
83112,1,42.327889,-83.046039,0.204234
83113,1,42.327889,-83.046038,0.076138
83114,1,42.327889,-83.046038,0.013376
83115,1,42.327890,-83.046038,0.020578
83116,1,42.327890,-83.046038,0.012861
83117,1,42.327890,-83.046038,0.020578
83118,1,42.327891,-83.046038,0.018520
83119,1,42.327892,-83.046037,0.047843
83120,1,42.327892,-83.046036,0.104947
83121,1,42.327895,-83.046032,0.637396
83122,1,42.327903,-83.046018,1.845825
83123,1,42.327914,-83.045994,2.565532
83124,1,42.327926,-83.045967,2.698773
83125,1,42.327942,-83.045933,3.518797
83126,1,42.327959,-83.045898,3.444717
83127,1,42.327978,-83.045860,3.959675
83128,1,42.328003,-83.045817,4.827542
83129,1,42.328031,-83.045771,4.922715
83130,1,42.328060,-83.045725,5.014286
83131,1,42.328089,-83.045674,5.494776
83132,1,42.328122,-83.045619,6.030313
83133,1,42.328158,-83.045554,6.915156
83134,1,42.328193,-83.045477,7.754729
83135,1,42.328229,-83.045389,8.539770
83136,1,42.328264,-83.045290,9.323783
83137,1,42.328299,-83.045182,9.932370
83138,1,42.328336,-83.045070,10.172101
83139,1,42.328373,-83.044959,9.992046
83140,1,42.328410,-83.044850,9.842857
83141,1,42.328446,-83.044744,9.684923
83142,1,42.328483,-83.044642,9.231698
83143,1,42.328520,-83.044553,8.023269
83144,1,42.328556,-83.044482,6.793747
83145,1,42.328595,-83.044431,5.866205
83146,1,42.328638,-83.044399,5.321923
83147,1,42.328679,-83.044386,4.557459
83148,1,42.328716,-83.044389,3.872734
83149,1,42.328739,-83.044399,2.232173
83150,1,42.328750,-83.044407,0.989276
83151,1,42.328753,-83.044410,0.164108
83152,1,42.328754,-83.044411,0.052473
83153,1,42.328754,-83.044412,0.020578
83154,1,42.328755,-83.044413,0.020063
83155,1,42.328755,-83.044413,0.011318
83156,1,42.328755,-83.044414,0.015433
83157,1,42.328755,-83.044414,0.012347
83158,1,42.328755,-83.044414,0.032924
83159,1,42.328755,-83.044414,0.021607
83160,1,42.328755,-83.044414,0.008746
83161,1,42.328755,-83.044414,0.018520
83162,1,42.328755,-83.044415,0.036011
83163,1,42.328755,-83.044415,0.033439
83164,1,42.328754,-83.044415,0.010289
83165,1,42.328754,-83.044416,0.007202
83166,1,42.328754,-83.044416,0.034982
83167,1,42.328753,-83.044416,0.026751
83168,1,42.328753,-83.044416,0.015433
83169,1,42.328753,-83.044417,0.006173
83170,1,42.328753,-83.044417,0.016977
83171,1,42.328753,-83.044418,0.015948
83172,1,42.328754,-83.044418,0.047329
83173,1,42.328754,-83.044419,0.075623
83174,1,42.328755,-83.044419,0.008746
83175,1,42.328755,-83.044419,0.032924
83176,1,42.328755,-83.044419,0.005659
83177,1,42.328755,-83.044420,0.047329
83178,1,42.328756,-83.044420,0.003087
83179,1,42.328756,-83.044421,0.023664
83180,1,42.328758,-83.044422,0.161021
83181,1,42.328759,-83.044423,0.187772
83182,1,42.328763,-83.044427,0.700158
83183,1,42.328775,-83.044435,1.767115
83184,1,42.328795,-83.044450,2.793945
83185,1,42.328822,-83.044472,3.673130
83186,1,42.328856,-83.044500,4.638227
83187,1,42.328898,-83.044533,5.790067
83188,1,42.328949,-83.044572,6.741274
83189,1,42.329004,-83.044615,7.284013
83190,1,42.329062,-83.044662,7.607598
83191,1,42.329123,-83.044712,7.897744
83192,1,42.329183,-83.044763,7.950732
83193,1,42.329242,-83.044810,7.464068
83194,1,42.329297,-83.044852,6.732014
83195,1,42.329343,-83.044885,5.511753
83196,1,42.329378,-83.044907,3.493589
83197,1,42.329396,-83.044916,1.392600
83198,1,42.329400,-83.044918,0.361654
83199,1,42.329400,-83.044918,0.109062
83200,1,42.329400,-83.044919,0.125010
83201,1,42.329400,-83.044919,0.039098
83202,1,42.329401,-83.044918,0.015433
83203,1,42.329401,-83.044918,0.052473
83204,1,42.329402,-83.044917,0.054017
83205,1,42.329403,-83.044916,0.009774
83206,1,42.329406,-83.044917,0.278829
83207,1,42.329411,-83.044919,0.704788
83208,1,42.329420,-83.044924,1.236723
83209,1,42.329436,-83.044932,2.135457
83210,1,42.329450,-83.044952,2.468817
83211,1,42.329470,-83.044962,2.333004
83212,1,42.329496,-83.044955,3.088207
83213,1,42.329518,-83.044926,3.628374
83214,1,42.329548,-83.044891,4.614048
83215,1,42.329577,-83.044838,5.604353
83216,1,42.329607,-83.044774,6.413059
83217,1,42.329638,-83.044701,7.171349
83218,1,42.329670,-83.044622,7.451207
83219,1,42.329689,-83.044526,8.176058
83220,1,42.329716,-83.044438,7.809774
83221,1,42.330829,-83.045604,7.697111
83222,1,42.330939,-83.045593,7.806173
83223,1,42.330961,-83.045481,7.655956
83224,1,42.330985,-83.045384,7.413652
83225,1,42.331029,-83.045316,7.362208
83226,1,42.331069,-83.045244,7.274753
83227,1,42.331100,-83.045158,6.960427
83228,1,42.331139,-83.045090,6.898694
83229,1,42.331193,-83.045041,7.150772
83230,1,42.331254,-83.044998,7.442461
83231,1,42.331303,-83.044940,7.169292
83232,1,42.331351,-83.044884,7.080807
83233,1,42.331393,-83.044827,6.604947
83234,1,42.331437,-83.044772,6.757736
83235,1,42.331456,-83.044690,6.212940
83236,1,42.331449,-83.044583,6.639929
83237,1,42.331464,-83.044505,6.178987
83238,1,42.331494,-83.044449,5.646023
83239,1,42.331416,-83.044292,5.331183
83240,1,42.331376,-83.044190,3.972537
83241,1,42.331303,-83.044060,3.547091
83242,1,42.330401,-83.043066,2.666363
83243,1,42.330376,-83.042994,1.810843
83244,1,42.330371,-83.042960,1.436328
83245,1,42.330378,-83.042944,1.581915
83246,1,42.330384,-83.042923,1.677602
83247,1,42.330390,-83.042910,1.063870
83248,1,42.330395,-83.042897,0.923941
83249,1,42.330399,-83.042881,1.217689
83250,1,42.330407,-83.042864,1.794895
83251,1,42.330413,-83.042850,1.119430
83252,1,42.330413,-83.042840,0.103403
83253,1,42.330412,-83.042832,0.127068
83254,1,42.330413,-83.042825,0.433162
83255,1,42.330417,-83.042808,1.616897
83256,1,42.330425,-83.042777,3.007440
83257,1,42.330434,-83.042733,4.126355
83258,1,42.330437,-83.042684,4.237475
83259,1,42.330424,-83.042635,4.093431
83260,1,42.330397,-83.042600,3.756985
83261,1,42.330361,-83.042567,4.340364
83262,1,42.330329,-83.042541,4.420617
